1.0252100527376047, 0.15
1.0226513714669379, 0.15
1.0220724625954987, 0.15
1.022037668522918, 0.15
1.0217366655074354, 0.15
1.0216848240904637, 0.15
1.0210437460982742, 0.15
1.020809378045907, 0.15
1.0198812279940404, 0.15
1.0198362802317706, 0.15
1.0197071773800932, 0.15
1.0193823993498674, 0.15
1.0192064434707424, 0.15
1.019078921317574, 0.15
1.0189087760025617, 0.15
1.0182001654992312, 0.15
1.0175260972844482, 0.15
1.0172800704863778, 0.15
1.0172342361348847, 0.15
1.017133244794483, 0.15
1.0171275036274279, 0.15
1.0171116185912916, 0.15
1.0169265260084654, 0.15
1.0169024972422875, 0.15
1.0166933927530009, 0.15
1.0165850152621676, 0.15
1.0164200830240628, 0.15
1.016373126644289, 0.15
1.015978182038886, 0.15
1.0158928798014677, 0.15
1.0157840503719384, 0.15
1.015734617645928, 0.15
1.0153428411682632, 0.15
1.0152800139003184, 0.15
1.0151320126568186, 0.15
1.0150170166499586, 0.15
1.0148300638223648, 0.15
1.014570702358555, 0.15
1.0141977786516803, 0.15
1.014150443768142, 0.15
1.0137676651940941, 0.15
1.013380942915274, 0.15
1.0131332292777058, 0.15
1.0128614692238873, 0.15
1.0128279496526862, 0.15
1.0124740687998741, 0.15
1.0124010199183848, 0.15
1.012353583336468, 0.15
1.0272138883129276, 0.15109765201875724
1.012219943143537, 0.15
1.01201515235653, 0.15
1.011841888600063, 0.15
1.011702019898826, 0.15
1.0115590165136097, 0.15
1.0114190849549554, 0.15
1.01116951662451, 0.15
1.0107469651499403, 0.15
1.010290199901763, 0.15
1.0101986476092972, 0.15
1.0097496853310781, 0.15
1.0095728732732074, 0.15
1.009203289838444, 0.15
1.0087422838866664, 0.15
1.0085783412953437, 0.15
1.0082189118517195, 0.15
1.0079969403015934, 0.15
1.0078639699532421, 0.15
1.0078110571709658, 0.15
1.0074880614197355, 0.15
1.007451569224213, 0.15
1.0364884638011025, 0.1521725499464326
1.0066855315958767, 0.15
1.0052540124734604, 0.15
1.0048423608573853, 0.15
1.026450883818472, 0.15167975610201268
1.0037967949723254, 0.15
1.046456428908732, 0.1538596508825245
1.0584516186184356, 0.15498284428601838
1.0553894142349982, 0.15688000780940836
1.0601871336812838, 0.15727495141350012
1.0646605026378095, 0.15776529357469027
1.0965557764760507, 0.16182850030325202
1.1007477150351352, 0.16242402230629605
1.0979653467574069, 0.16290382859717223
1.1379448528094331, 0.16804309983752752
1.1643656393876511, 0.17033436289738013
1.152897655843296, 0.1706464834169168
1.185505996805106, 0.17353184174549163
1.180188655776918, 0.1744440612444702
1.1771514254849627, 0.17469178230183502
1.200995239911342, 0.1776770277755828
1.2303344535047394, 0.1814454042003426
1.241247036899264, 0.18291750917038208
1.2574870328126304, 0.18439275711639436
1.2459072624907805, 0.1838404989887792
1.2597991576567078, 0.18549725324296595
1.255063773074683, 0.1866408888972897
1.2614448233585285, 0.18717461180946682
1.291118957534048, 0.18977242473562406
1.2867160156317563, 0.18949272375788961
1.309491770083305, 0.191944388917749
1.316169861025005, 0.19327665552226136
1.3224132132065813, 0.1937555675935725
1.3055595230034323, 0.1935120080115409
1.3135364695955025, 0.19490078274900835
1.329085089833789, 0.1965025870527919
1.3795083565556747, 0.20307887270051772
1.415825739770269, 0.20906674938150616
1.4135226550605609, 0.20890565682701911
1.424573184996913, 0.2115639939091034
1.4388161264065145, 0.21323327061452169
1.5001127258385705, 0.2187469913302369
1.508033704432878, 0.22201021067322735
1.5617782383811487, 0.2283203987616016
1.5339660116476055, 0.22691598733199747
1.6231867236603406, 0.2393392901904594
1.6425930629538097, 0.2422192584432219
1.6646034523615603, 0.24574781235144272
1.6952662176453939, 0.24974613731920048
1.6972449020904565, 0.2509336272129197
1.820762401936044, 0.2689760363506304
1.8566943260527642, 0.2720622548311873
1.8835330271224773, 0.27583071528868786
1.8696663214536906, 0.2756620650529822
1.9201424253431438, 0.28106312597863603
1.922848143386258, 0.28316577900794826
1.954247547439082, 0.28853434642313314
1.9822383125867866, 0.29079324353880764
1.999522626846854, 0.2942290396820617
2.0395782678533863, 0.2986857960629079
2.0599328975394844, 0.30261535175856213
2.072495314881014, 0.3044132844565821
2.1876101275661357, 0.32052406400085154
2.1873966294917584, 0.3222345616006965
2.207651559078879, 0.3242110501122202
2.511819727394739, 0.36980657083437496
2.636236995948756, 0.3848106312998194
2.6861766780945415, 0.3946760095727413
2.6962056659462306, 0.39572600694328486
2.806170131393791, 0.40887664555713066
2.787332539308058, 0.4084462889760303
2.9117908235964554, 0.4264945065443442
2.979429034945588, 0.43503161551797387
3.0377314673729527, 0.44363262225098055
3.089100565288426, 0.4510639703519397
3.0905584501549597, 0.4530423117261755
3.0761671795874896, 0.45199695116369387
3.2808658935945636, 0.4820511591892478
3.3159217103995986, 0.4847069723040969
3.38219502128568, 0.4974379260655697
3.622235562712503, 0.5304633765686377
3.8248238895391107, 0.5604882788269787
3.868673041878488, 0.5672576442466575
3.9306431591085067, 0.573675392368636
3.9313003273750566, 0.5747287273530981
3.991681538981595, 0.5828343072616509
4.162438799712204, 0.6070515975445572
4.3658499150900685, 0.6401609286903858
4.4085035498432195, 0.6437177282044253
4.501699863369713, 0.658230209780382
4.639516911660357, 0.6786107822980529
4.60277710917874, 0.6761806943053577
4.678848971491996, 0.6837230427302226
4.790963262626553, 0.6995552690766598
4.825607714883687, 0.7027171341919285
4.793706326307663, 0.7033641331098544
4.930721422966569, 0.7217552591897007
5.131012431427367, 0.7487651974094005
5.106851624330862, 0.7514087747569258
5.155138107797865, 0.7563760008119829
5.431742459068107, 0.7931297842777578
5.468993391091253, 0.7985597148906214
5.522936552484973, 0.8059618876706791
5.7209024445666, 0.8306956657222857
5.629517321245583, 0.8253389242268598
5.776294363717206, 0.8456798375423613
5.830324315751099, 0.8526344131111223
6.0379668634363854, 0.8762025647962872
6.239511436094158, 0.9130771326985281
6.375322738060343, 0.933800589885248
6.539319053369579, 0.9528356143760046
6.603277248811489, 0.9700424973525639
6.768365548224057, 0.9854677618516465
6.776391556537392, 0.9893454258622691
6.860695449513756, 0.9985973985464884
6.991598931507857, 1.012142023230898
6.986381293285437, 1.018250115184161
7.038817871228822, 1.0228513373738917
6.960275003344237, 1.0179311635445902
7.09809236846839, 1.032065153289932
7.180875155032758, 1.0455149806017587
7.150922260405592, 1.0448005514643626
7.178909996954072, 1.0505322684000244
7.722010102926092, 1.1244837706107917
7.812083887370422, 1.138790388448097
7.9386453952128395, 1.15515725576582
7.939800487018698, 1.1565387735830495
7.990031579624691, 1.1712269207106312
8.171620366298631, 1.1876144348606692
8.265113409615626, 1.200692073498555
8.390089048723707, 1.2161925627344283
8.593747113583312, 1.2480649561979362
8.808351695963177, 1.281683296423875
8.776062177512298, 1.2797176543485955
8.861727271031334, 1.290258107393372
8.938437332127393, 1.2998554217833451
9.034232760871298, 1.3078183150899907
9.04459657275358, 1.3160811104824655
9.341172588622166, 1.3578174358079735
9.464832738255142, 1.379494151121519
9.624565778211336, 1.3935230882935583
9.495366503064762, 1.3867247342270588
9.689067182250428, 1.4115485514499886
9.77015949519245, 1.4214383453011141
9.825488365393252, 1.4280344281727801
9.885930119429485, 1.4378955696444695
10.00899934214181, 1.452095518930066
10.0386470082147, 1.458326833151789
10.155761131062201, 1.4682928938300055
10.237333930114707, 1.4848121806383467
10.188925922314576, 1.4819146754705441
10.316252576382505, 1.4984290800734383
10.428234060932471, 1.5105527701992472
10.591354764935835, 1.5274732954264891
10.557555544200682, 1.5270712998455842
10.430260485897016, 1.5223046872228512
10.677681269897306, 1.5486946219460362
10.91637782982547, 1.5837568730857159
11.001162728701313, 1.5991386668368195
11.133404036195754, 1.6183106018128273
11.476730519651058, 1.651470710735559
11.57127118561026, 1.6739388590033988
11.720243729843592, 1.6976717566256072
11.892159540699023, 1.7206001704030909
11.904697340662466, 1.7226704678213434
12.095744467981385, 1.7441750413972361
11.981893890734648, 1.7378301106270948
11.99767890546356, 1.7416909502357925
11.989777593547855, 1.7430640029842142
12.255213494051743, 1.7757384538316234
12.25348644869857, 1.7774997331425801
12.337760361865785, 1.7925960050425775
12.431683181617469, 1.8022919081620037
12.52535083748478, 1.811946962978877
12.542686056447964, 1.8136872555769594
12.531814253171289, 1.8188661650821585
12.653264936584629, 1.8323233382193216
12.632823194037988, 1.8325171877123685
12.750278485864575, 1.8468688064258965
13.255655756114185, 1.8911895419493723
13.124808514103934, 1.8826774913207496
12.870658799588954, 1.8646319878990596
13.215728310207286, 1.891417578341339
12.983607001393256, 1.8806441537206924
13.216557384210311, 1.9008214010162332
13.027382040678221, 1.8875774498665026
13.036968599657312, 1.888533851971956
13.059943431083978, 1.8924696420172298
13.355544976155935, 1.9149387059231637
13.67737950331347, 1.9460553010133497
13.261495238242588, 1.9256637197843496
13.612740784984783, 1.9552153457035049
13.355895177664223, 1.9394422635096609
13.834248746069393, 1.9770459650074645
13.77000801307015, 1.9725888526203779
13.860424183896914, 1.9814048803674966
13.87658369530859, 1.9853021263830701
14.192170646708952, 2.012034763723558
13.691893036936193, 1.9781870455773447
13.980505710971025, 2.007700863564499
14.162366193806122, 2.022605862308624
14.020408490818935, 2.013585276223373
14.23403380612398, 2.0373480970400415
14.437067482390715, 2.0532391139117268
13.91594627556694, 2.016357447303778
14.230495986510261, 2.040662419392283
14.026733779003152, 2.026538406856047
14.490579930640513, 2.0597790156917473
13.949816262232943, 2.023868386568635
14.610260018901112, 2.0720095054293175
14.480610493965624, 2.0654887118572196
14.304109009744355, 2.0546770090117166
14.275676268788953, 2.053884680466642
14.598011973213818, 2.080393580309874
14.273676955195544, 2.0576928601807465
14.407958684185948, 2.0701816808186013
14.394449837484494, 2.0696695454233627
14.383392983899547, 2.071086692510695
14.298771813566416, 2.065860684163037
14.626941826897548, 2.0900350182589493
14.321616583709481, 2.068318922210975
14.577004839892126, 2.089441507562757
14.92243108917553, 2.116079549789891
14.31308231152634, 2.073571839569908
14.348380726004901, 2.0764455217672317
14.873425867255166, 2.1203952556049632
14.311538604593494, 2.0800226559437585
15.021404416237596, 2.1333903834632073
14.733709317765529, 2.1131801606121936
14.420610434417895, 2.0906424896904845
14.870563875606154, 2.123516259370817
14.66715526646815, 2.1113169498603757
14.768831662795705, 2.1209646242038893
15.233985829171289, 2.1542763167515666
15.041764258462383, 2.1454626431862778
14.843318100500385, 2.1332463718331685
14.966052561939485, 2.1428485969840594
15.117751177015993, 2.1560335927739427
14.73782896897512, 2.1295231669818255
14.792428171669139, 2.1344838586077675
15.184212031638914, 2.1631264018737273
14.655269858779429, 2.125334558656755
14.684308096964221, 2.127938207098701
14.676932990404541, 2.1299674307525
14.891083316938623, 2.146644955704298
15.199960250026356, 2.169027571888864
15.037672230809711, 2.1604450924699004
14.760645624373423, 2.140592786184661
15.25776193075816, 2.1773198569993335
15.13107059724506, 2.168456787052895
15.220581860944437, 2.176821684870343
15.027268929680247, 2.1636276710036118
15.338220864111324, 2.186830031038305
15.433241622446321, 2.1942412064483108
15.011980424753153, 2.1646380022016842
15.571630017313993, 2.2053194188430236
15.275302880702524, 2.1844205970347375
15.418111044396365, 2.1949699047362436
15.160605156634603, 2.1767410096841244
15.269829800799398, 2.1864669751586563
14.994802362732486, 2.1667419167511097
15.233967569719224, 2.1849403949458246
15.545429410684651, 2.2075336452728322
14.960428554534902, 2.166708781982301
15.557054296855815, 2.210826141402009
15.359877710366854, 2.198062513830674
15.669744857172825, 2.2215103890750543
15.314443070283465, 2.196280202771992
15.745773692301755, 2.233057623887582
15.74120799014388, 2.23338724524468
15.631180384984187, 2.226362719595998
15.502622689548186, 2.217645213815304
15.39970850634265, 2.2131713765565815
15.631525362059289, 2.230032233200987
15.478936432157113, 2.2194537864837383
15.754722552206273, 2.2391871304559974
15.329168016276231, 2.2091999773292263
15.35383618337445, 2.2171004823959573
15.756487086910443, 2.2462601543281773
15.658319901724777, 2.2406093402411713
15.847920522125449, 2.2543542888946355
15.288389075629448, 2.2149044565049048
15.824585144607042, 2.25341896688946
15.86635133554092, 2.25650460228191
15.545806732411059, 2.2351222584164665
15.75649152190441, 2.2519044143236266
15.44002278000466, 2.2295323888100853
16.033914607438124, 2.2720350820468216
16.120205127174017, 2.278853118300974
15.6306288514628, 2.2445448554686953
15.509849016081747, 2.236822538975061
15.628961030764296, 2.2455969342903908
15.7168832377832, 2.2525518232588304
15.209158188561346, 2.2167711874434675
15.802382924364537, 2.2608056815858513
15.933949663523485, 2.27056751625686
15.81702847916399, 2.2637830108085906
15.99922281525379, 2.2775751150958223
15.787923588724395, 2.2627531277024326
15.668044626714401, 2.254591000828106
15.919086334440731, 2.2728019515726006
16.29979011279551, 2.3016238497925112
15.837397117064935, 2.2696544422602933
15.656489195120571, 2.2573524216095064
15.626456597742518, 2.255290535528715
16.3297193862291, 2.3059294677155506
15.895365845688026, 2.2751763436690053
16.193367683028743, 2.297973957923447
15.946538083292651, 2.280567685080541
16.029671628194873, 2.2871296823714315
15.412075191883796, 2.242900654756073
16.089415761336465, 2.293172940607513
15.98750889097286, 2.286518261135826
15.746487338114902, 2.2696781109931186
16.344649828065208, 2.3138302087425666
16.256837458615443, 2.308203524210408
16.227812750347468, 2.3063812470324585
16.00896146740138, 2.2908066504011115
15.573259405500592, 2.2597647212684624
16.153563376534358, 2.3018236460634567
16.179277491436636, 2.3039963584953282
16.068691277771084, 2.2979923925626267
16.203744161707405, 2.3078739910888
16.055536033435292, 2.2973610883776274
16.37924084263869, 2.3211796791921646
16.15367706545301, 2.305678611065791
16.36894137587712, 2.32129965886537
15.879424581057432, 2.287097548613013
16.34826446311765, 2.3210741225958964
16.27465627452489, 2.3168842110278653
16.1344047617672, 2.307046432357631
16.46671609541467, 2.3308191231785003
16.00990456456913, 2.29930310021218
16.130322539317408, 2.312298892539766
16.363796568079326, 2.3290573420683502
15.721668001676546, 2.2834718349612233
16.534863677624, 2.342170513154054
16.37968699325371, 2.3315274216209225
16.60551332112974, 2.3479432628583874
15.96658976303001, 2.302780580086865
16.636301486537477, 2.3510375069851914
16.235128507447023, 2.3225500964181567
16.179200651387255, 2.3186607391862113
15.962315342059512, 2.303661511760895
16.286119539306785, 2.327126260692194
16.549884723014248, 2.3473915529317635
16.49536695530056, 2.343952885853575
16.631914622352966, 2.354015795430806
16.542282710314037, 2.348499983154948
16.41390850038967, 2.3394385902862025
15.965065717113424, 2.3080746223968713
16.295852177939867, 2.332748010973482
16.524068051257316, 2.3500885719815257
16.68302088636464, 2.3635512419967553
16.202990601927873, 2.330207753454842
16.616776900049857, 2.3598919818922743
16.260191250500228, 2.334965195875287
16.657526598078995, 2.363546771577507
16.32701784183935, 2.3399948067555387
16.55570221353404, 2.356510679459327
16.10820014807455, 2.3246181611331878
16.589279455091873, 2.359178758270235
16.302927379051642, 2.3399996467426876
16.492601141808088, 2.354529133964798
16.556209392300815, 2.3592494984610246
16.613384576360463, 2.3645553369331385
16.244612317565036, 2.3386026031410534
16.436517974299285, 2.3524510605207327
16.28303268641436, 2.3424880222446625
16.411830577143668, 2.352486101245499
16.670728215465953, 2.3715322396784178
16.412338451768175, 2.3535328531535926
16.378312182877117, 2.351131956440393
16.239673815414925, 2.341493777738388
16.509161806734507, 2.36378802063697
16.47405764329285, 2.361758410469368
16.81280601373535, 2.3860541961423465
16.319150875098206, 2.352532217744021
16.648757627554833, 2.3772861648477672
16.69959339398691, 2.3818077163242624
16.417850139238407, 2.362674636098814
16.779185886506692, 2.3889454799070853
16.647172470906852, 2.380052213098427
16.68961515069726, 2.38355457933205
16.226507417677254, 2.3514434376113513
16.395059802462686, 2.3657285408601485
16.683901539567152, 2.386531272132988
16.44973900306365, 2.3698457544358975
16.651093758555813, 2.3843922282290775
16.533109431824617, 2.376029496642378
16.935866392138298, 2.4057237161333056
16.231333909993662, 2.3563510976171465
16.659155664666937, 2.3876437816958695
16.88893062894146, 2.405242684624569
16.717378699286115, 2.394990875928862
17.30294044793355, 2.4366425398750557
16.720211575079265, 2.395290229517295
17.202492491042296, 2.4304476875139436
16.652615882448455, 2.3912881758014137
17.03475376542678, 2.418578757826144
16.757706505180206, 2.40005779291202
16.929113700545123, 2.4151690542701187
16.653164917499407, 2.395997888947135
16.698160563052042, 2.3993377697910123
17.03750589029182, 2.4239227275044106
16.65512806727285, 2.397452526956136
17.087832601914478, 2.430282485797317
17.16814952527865, 2.4362277605870597
16.960593406361273, 2.4218167262981227
16.932238812462767, 2.420316402461948
17.038716380108998, 2.4283164389043232
16.98190013429407, 2.424337679834901
16.87294704980877, 2.416560718607406
17.067544599412923, 2.432257222391634
17.054943922825185, 2.4324749990015437
16.996459158969323, 2.4283516385072756
17.171743760096696, 2.440855523448282
16.841339561961984, 2.417840228974799
16.627884664964792, 2.4037600332822295
16.79106270695353, 2.415792069508318
17.180196917039474, 2.44474180548091
17.23344166033819, 2.4487091382271986
16.807006992488688, 2.4186992014611297
17.34109050576825, 2.4576773126669327
16.9008656615903, 2.426713769368103
16.840802293553356, 2.423421400600261
16.697591014736414, 2.4138616591546525
16.729748293464837, 2.416430067245887
17.298217290753087, 2.457151829407831
16.744091252434636, 2.417860759632873
17.210977140399766, 2.452564339392347
16.99580408247584, 2.438072407896133
17.256592326332903, 2.456852038055999
17.084401018586505, 2.444831509480829
17.607697445711242, 2.4823544319553914
17.338985269576746, 2.464232557577515
17.200924110488106, 2.455095630977815
17.133050153295375, 2.450659955945394
17.01083136119061, 2.4434157916112893
17.23127913758722, 2.459323504400892
16.992886368620038, 2.4426339731991824
17.487000835477133, 2.4784014932575493
16.921415136850417, 2.4380586468448806
17.176080362027616, 2.457509883683313
17.276532658004886, 2.4658235212886837
17.143067649237054, 2.4597188616022647
17.69978445789881, 2.499362182516087
17.241621288089487, 2.4678689700401524
17.324733237984187, 2.473814432330874
17.26778431727681, 2.470314352609013
17.51843196122526, 2.48858846248849
17.655243519478365, 2.4989706616765517
17.075403807782862, 2.457981016650157
17.42022178495538, 2.4842396802218225
17.22952620628632, 2.4710117270939884
17.151617599516637, 2.4660813070964
17.377325436437182, 2.4827066850372015
17.204614876224717, 2.470380200334943
17.310793460588684, 2.480563376726179
17.222960565139644, 2.474511932651013
17.53260092410528, 2.497450395387437
17.71373474170153, 2.5108671399630067
17.069619093872713, 2.4648285579796374
17.041520795913684, 2.4638965657773504
17.065891461375568, 2.4664368691306198
17.25005704439375, 2.4800507688859126
17.639377576074175, 2.5082388998200633
17.808605434241645, 2.5211851377173433
17.42874743862077, 2.494710948040093
17.29501114645779, 2.485180002011191
17.409408702197464, 2.4938079911005406
17.313396813367746, 2.4869997015522394
17.51816261940143, 2.5022266197066267
17.133284605735163, 2.4748260256684125
17.156226267406296, 2.477718478854807
17.799281905017196, 2.5238588763676795
17.673893725887684, 2.5153749452650187
17.27221819956265, 2.4871331000683643
17.50561587026589, 2.5040823487537693
17.53511838845412, 2.5069420090145593
17.783138327528576, 2.5250097480281664
17.809564389485146, 2.528648973124894
17.526542238987172, 2.508546393178257
17.57545197245875, 2.5125071808807453
17.726021171321438, 2.5244794036459606
17.89323813198984, 2.538533108631662
18.10383094966876, 2.553606032617439
17.85401168517141, 2.5360995753127957
17.609062947213207, 2.5192906160196538
17.586099591024954, 2.5177361969894108
17.756787136895984, 2.5300394845715646
17.43517122171025, 2.5082753985969575
17.34878638488307, 2.502099718003545
17.165835693358197, 2.489017129912514
17.353500041802544, 2.503359322929515
17.378627925840707, 2.505188906794351
17.589044646123167, 2.5207085216622156
17.31025259927364, 2.500851151484313
17.688007451714604, 2.5289333609858167
17.948668025992294, 2.5482652034691355
17.470961057026887, 2.5147835900345816
17.662055125451506, 2.529376587721064
17.82356921333223, 2.5418888013590646
17.9732598174826, 2.553615671629113
17.78448519828171, 2.540933558179968
17.401066973587454, 2.513398042085293
17.870401072371447, 2.5471231557383422
18.190896145644338, 2.570701759999685
17.510052007962617, 2.522427459438828
17.88268880518694, 2.549588010899426
18.088801157625667, 2.564340289153084
18.025015990218304, 2.560533484076557
17.24564784200726, 2.5046385276211103
17.717330485249043, 2.53925559642894
18.07784824477714, 2.5660337306514913
18.034815742681374, 2.563373360801786
17.82488286123774, 2.5492984527070073
17.59485825461565, 2.5333496678590928
17.804776029122046, 2.548806221178981
17.560757712016574, 2.5315943431782495
17.669029174528468, 2.5393884060524607
18.17501170406991, 2.5773966345199373
17.602935249269855, 2.5375935151623175
18.190693495793457, 2.5809358436261
17.899897061790938, 2.5602280805375788
18.25956878083375, 2.586329824093041
18.04977045081148, 2.57197136304796
17.796234654021685, 2.554100184069874
18.231662007303452, 2.585660015636706
18.152430213951185, 2.5816970736632694
18.082870687868194, 2.5773756806895465
17.93269156536615, 2.5667586553891697
18.08548520720645, 2.578006494833649
17.7954771832622, 2.558479044864228
17.683965040612627, 2.551775060672197
17.92113777179538, 2.56899927016379
17.89611119570727, 2.5683027531355362
17.62813689793596, 2.549905223135351
17.84898650712001, 2.5663842699400874
18.285644412945633, 2.5987907538819277
18.208174169571738, 2.593955340602405
18.25991559403011, 2.5984407021016054
18.220792215487435, 2.5958174230972553
18.236641250401163, 2.597562273105498
18.448630853084698, 2.613098008673118
17.801665523771703, 2.5684095500722437
17.615399798646457, 2.5554153682096965
17.99372074620124, 2.5830160046572503
18.42156030884145, 2.6146319794447237
17.864418567997916, 2.5754284071488005
17.82640180078932, 2.573554630421957
18.339419339569293, 2.611376387316975
18.373610054731472, 2.61421883378184
18.408986218927378, 2.6176607215114878
18.147582432088637, 2.5998977362745945
18.24697349839304, 2.6074508398735086
18.320792294351893, 2.613144270101029
18.575620776594935, 2.634405969414244
18.559133854992375, 2.633514660026788
18.47261315937388, 2.6275595850967797
18.094550425222632, 2.6007797043889465
18.18840620203874, 2.607820457726522
18.48261609302956, 2.6299303470637625
18.62401149974069, 2.6400355686833654
18.519003619912212, 2.633272240005229
18.201586274873087, 2.6107595159891694
18.49142936425564, 2.6320387281511044
18.243201315292435, 2.6151733143960776
18.54050717264029, 2.6365529426846734
18.236389623549304, 2.616456010012085
18.176512117366627, 2.6133528631698466
18.6979734640774, 2.653831032621965
18.341070244594132, 2.630146722313773
18.112726391096924, 2.614124954065799
18.604791802784653, 2.6503728520881253
18.249394644518336, 2.6255100366374613
18.225726097208014, 2.624338933802785
18.62323827883877, 2.6563456821093556
18.661159870578384, 2.659764434603611
18.63782642864988, 2.6610204513800717
18.603114346756715, 2.6586889501819266
18.374020060375386, 2.643488170723276
18.79005768009894, 2.6747066880222636
18.711949944461804, 2.6701700477387957
18.670428862481288, 2.667630496523019
18.29889953257056, 2.640991848621683
19.029955786742544, 2.6935177053974924
18.498808760197104, 2.655875266776162
18.548435565954094, 2.6595809468295872
18.566432136964895, 2.6618318041388633
18.31916280356365, 2.64511260997746
19.026087807245524, 2.696596879596429
18.652081073244794, 2.670290890947973
18.948796220373296, 2.6955570818077845
18.508593967008775, 2.664212915180994
18.73268442603156, 2.6809115729982613
18.45453329480903, 2.661280699103574
18.84536482600528, 2.6923084088214333
19.04542197446994, 2.7066620557513854
19.078584011748, 2.7091356951022405
18.577170869397616, 2.6738155759927817
19.279735392619763, 2.72476984666556
18.96101501794624, 2.7022585909099783
19.080430307177156, 2.7108677089029776
18.64442671969136, 2.6805865038790833
18.76493103687688, 2.6898158961040153
18.39827346000425, 2.6634969895988903
18.86011510651752, 2.6989764800441485
18.76419026736268, 2.692778902062174
18.643195415350327, 2.6853280795572942
19.03495921004137, 2.716427135515003
18.936024129718575, 2.7108773257929197
19.053092663035955, 2.7195756933854094
19.295010334487856, 2.7389353630631463
18.704156619287005, 2.6980950818500915
18.94567854395594, 2.7154636526331233
18.860533998762143, 2.7113593065244856
18.677936072036513, 2.6986338236747054
18.948959922386386, 2.718237265693868
19.069278704999295, 2.727315619830402
18.9023245059994, 2.7161649468532456
18.996933555745194, 2.7250288599613537
18.788959252979204, 2.71024800487194
18.732387562195647, 2.7073009912393653
19.03580416145362, 2.729331276718412
19.425268123353, 2.758590412517859
19.248084152763955, 2.7463311905023557
18.602509325148386, 2.6999253711849214
19.43877482811927, 2.7630172352424776
19.5963545307069, 2.7748837850113617
18.64299119913021, 2.7077289997219296
18.89976228132162, 2.7270326393262234
18.929864122656795, 2.7320573431346613
18.674737259147843, 2.7151861365249097
19.3078485027565, 2.7612377724767434
19.486860813718412, 2.777587955390592
19.507260591422863, 2.7794026665324623
19.22991208660228, 2.760212393918713
19.63401276685737, 2.79115789512824
19.74911732933798, 2.800303916815383
19.12510209946325, 2.758776974248531
19.29386715202262, 2.7720944055135073
19.548518311336974, 2.7903903023195564
19.025866971001047, 2.752914550557623
19.28245627827341, 2.7715248872850617
19.206782067254466, 2.7677851031735363
19.316863144089773, 2.7773168289097194
19.60568794729237, 2.799133961722437
19.82206450879487, 2.8177108400423734
19.421817122071186, 2.789762481012956
19.72086091101863, 2.812065419751262
19.913194099888994, 2.828773576436423
19.314326038433997, 2.78640987257982
19.652665945226946, 2.81368503534571
19.624452854665922, 2.8161816857095756
19.187125129246983, 2.7871781709049532
19.921592083382706, 2.8409670631714956
19.940426552861243, 2.843187966208416
19.638281655297973, 2.824006262203909
19.61418290841063, 2.825038091074661
20.036459896218307, 2.8560884468032492
20.105010086057497, 2.8651531694160326
20.2530676393429, 2.8816791378753948
20.285752231956387, 2.8881960199008105
19.595597895990455, 2.8395226170969368
19.812481005719373, 2.861877280994573
20.216149937651956, 2.89533250327374
19.778357986677822, 2.8643345649669856
20.028299502419923, 2.8846800373560644
20.22199021209651, 2.904998942994472
20.415837327033117, 2.9227584221567637
20.264160182753265, 2.912309209455781
19.775140086339185, 2.877803118158961
20.502753859147553, 2.930430932434329
20.3081470746871, 2.9214128089037006
20.381738282025328, 2.931890690835659
20.40526432365718, 2.9360345850107956
20.32603308334178, 2.9323435512014857
20.777031667050387, 2.965428873249114
20.411353013589586, 2.946211400570726
20.332111131086517, 2.9411411281337108
20.947761787785424, 2.9913427474416387
20.608641755713574, 2.9711163382556194
20.62456304662555, 2.9729285176121323
20.831864726151974, 2.9885955367288286
20.927031341134995, 2.99754962300333
20.442324344655777, 2.9650890737065856
20.774600885174095, 2.989983092184591
20.53032528940752, 2.9770828764501562
20.62923242591872, 2.984477908919396
21.259789960913807, 3.031048752160288
21.481173116255807, 3.050885479704446
20.69148864025586, 3.0084019294961646
20.882596151120882, 3.0286422176955714
21.088298890315304, 3.0484021246529025
20.736367165496542, 3.0245319238018187
21.13798361830878, 3.068844478680748
21.453340137337367, 3.0938306211406807
21.438013518723142, 3.121582933921025
21.69530595466252, 3.14125825667748
21.646522472114263, 3.138044990892938
21.68836898381897, 3.143158640733623
22.11219547921829, 3.1773892997154096
22.197589528120112, 3.1890278736868787
21.874530503276116, 3.1710832410886542
22.419944886583497, 3.2271823911887694
22.445412235054576, 3.2344951144280927
22.115362355439427, 3.216869048415627
22.225474176444926, 3.229415255833394
22.322952050307915, 3.2393407366552225
22.504424528892528, 3.273862279453403
23.00725499780886, 3.332771683548043
23.066477314952476, 3.339967707867075
23.062231646457008, 3.3471668306361675
23.12968072857254, 3.3545196527671495
23.147503474221867, 3.363454073058671
23.336443528965674, 3.3776322068428977
23.646237217141092, 3.4225186713544815
23.696203552971774, 3.4311690860789774
23.691690472467975, 3.4440800295002134
23.775982990679452, 3.456877726171241
23.891657814894668, 3.4726062952177434
23.979328114717227, 3.489291493617281
23.811441734294366, 3.481020982467739
24.388124674334172, 3.533848664912462
24.17485476492091, 3.5211640074381307
24.534441663010607, 3.553040970217616
24.239136438113977, 3.535778664982529
24.739601243079665, 3.6033073540618927
24.845911449178864, 3.614034697865378
25.075831253745672, 3.639269798657627
25.19580030800165, 3.6525203950234397
24.88753929067021, 3.6337269954293
25.234554775268514, 3.661911740416155
25.102586644476613, 3.6523834916635263
24.987187297216252, 3.6503451376820912
25.75809505473067, 3.7118058245089154
25.221751285086004, 3.67466493857264
25.421808010966643, 3.6895101691860983
25.347858075240293, 3.6941715005221116
25.587944432094652, 3.716375958994613
25.844774474796342, 3.7554169248266573
26.068488028812258, 3.7768500219034413
26.197136250682355, 3.814968478550595
26.086576031861465, 3.807048498381411
26.21435795298919, 3.8221575736947884
26.276178159028795, 3.830107376816671
26.296025225589656, 3.831820493177622
26.569481273607824, 3.861745013288866
26.743212458309543, 3.8848142811355
26.89227587148417, 3.913395576679066
27.027773797466107, 3.926087480714977
26.971570719435384, 3.9256054601818446
27.098975191751443, 3.9441063052386145
27.373166092898067, 3.972137868590579
27.39545799432517, 3.9830142597195524
27.49468016012585, 4.00644007971638
27.629096460722213, 4.023006136795233
27.751578517377215, 4.044529368076715
27.990659268960872, 4.071905991014259
27.777896920442984, 4.058318829128231
27.998801836715437, 4.0768621525468784
28.07990794243523, 4.096716615127676
28.438731653901666, 4.12430450460653
28.054886804116318, 4.100651854053796
28.39827814222097, 4.13439472485267
28.402067690346843, 4.159065827140662
28.749336045009315, 4.187322732594396
28.837350420170743, 4.212344754014905
28.835966497848524, 4.216826025070565
28.66640715565832, 4.208982007791568
29.137204911096305, 4.2514718353609
29.180001496412352, 4.261012375688475
29.289254263547168, 4.277760186986221
29.22682784274469, 4.275891304713084
29.304037653113582, 4.289064481266844
29.271814659660816, 4.289850236634322
29.427891736818825, 4.305212839415466
29.38609643094837, 4.317368567054342
29.620018325085503, 4.334832182994146
30.011666519898117, 4.367957252720919
29.502634494390254, 4.33252430309577
29.834009511860064, 4.358633069881048
30.12360804602854, 4.383524572088639
29.790037050888056, 4.36171783069885
29.921611018925663, 4.38201888362719
30.227317194082087, 4.411185482279684
30.019675472061884, 4.397940819689252
30.37185552578625, 4.427753687050086
30.393429524371964, 4.444515321320345
30.19725174528848, 4.434065954407924
30.158519794632824, 4.435798701480744
30.656012300811216, 4.48837781823135
30.36485192067463, 4.46816789844189
30.569228411308618, 4.48346843449346
31.008396654694874, 4.517062815428756
30.400477311005517, 4.472952244890444
30.478226396528306, 4.481269060150732
30.9870370025552, 4.519519307308563
30.777418452993402, 4.515974062186416
30.846831732087875, 4.524007014163136
30.857194721569687, 4.532966130692053
31.07732013626526, 4.5522244900104365
30.895791304281513, 4.540017020476592
31.151799016678922, 4.57604094592835
31.202870221491313, 4.580755582480435
31.507832082166683, 4.60891432026725
31.468404902572267, 4.6074759874391065
31.304814323075366, 4.597260991747476
31.657456935223877, 4.62435727750842
31.621109538936302, 4.621841987938111
31.268612176493544, 4.597859381029374
31.540149109019556, 4.623739677427807
31.549277367357803, 4.63512879495058
31.547427591436072, 4.637973238214716
31.960388736424196, 4.67361126880833
31.377271721261774, 4.632420065412803
31.399280130026884, 4.6427293331055415
32.212175701638024, 4.703158340704429
31.898496972529898, 4.681219863903043
31.76629307219306, 4.672711764759147
31.89345533857031, 4.687313193415783
32.16424931211085, 4.7095001368222995
31.822213978014712, 4.685896992653966
32.328066333796606, 4.7340887035393315
32.3679398736465, 4.742134654884038
32.50928819697204, 4.756226411717021
32.138837360845486, 4.735443244578181
32.43876269107567, 4.759174330495896
32.49914703776369, 4.766354611790062
32.69463192736597, 4.785454902197525
32.51111312003929, 4.7741773551352225
32.662947143251564, 4.795284248373399
32.58671167811913, 4.791874061483654
31.995613048044678, 4.749263627965538
32.91725956264609, 4.821727186801869
32.66154713735031, 4.8032996612628205
32.79233607367817, 4.815132983023013
33.01917329019318, 4.8329020766755555
32.155868523538345, 4.778463771123446
32.902053117772425, 4.83551724786529
32.58584196030364, 4.812650286108437
33.15292124643084, 4.857112380250259
32.62949622846678, 4.818909384230016
32.4722992305773, 4.809529056207024
33.254247931270946, 4.8673167302526394
32.76423211544674, 4.832654335971404
32.69639085458302, 4.827890127466443
32.692231439700215, 4.828042369884866
32.90818828531128, 4.848105799081208
32.826440048660636, 4.8441460277531485
32.84292538369932, 4.845835421221893
32.721708093260766, 4.840890991385291
32.80718927929665, 4.847632057469646
33.32710197789596, 4.886392608366987
32.902356669949434, 4.857449433308611
33.088076602472114, 4.873116194966036
32.84693889300884, 4.855694972930779
32.89110282279929, 4.860545709608981
32.844162287641524, 4.8580890253503135
33.436222994406485, 4.902347775431639
33.06568838155295, 4.875951301536398
33.11611616455607, 4.879823630566095
33.14766035394906, 4.883427856298527
32.7464603049951, 4.8538446855345025
33.20726988106773, 4.8888960417764755
32.99119910468469, 4.873226615723684
33.16837630650735, 4.886407710487621
32.792093535405726, 4.859536044351269
32.55977609926393, 4.842557234924405
33.16980926494286, 4.888177080070164
33.291928881366275, 4.898198608813493
33.42778120985546, 4.908340444580809
32.77303133760263, 4.862969004935873
32.67275911531806, 4.855822445266888
32.75762628048684, 4.86232766690384
32.52734518742665, 4.845659158036348
32.86188512082396, 4.871356525657517
32.86534089675369, 4.8724608217983985
33.45437796349709, 4.918223886328212
33.40213338215992, 4.918687542116477
33.52194119985699, 4.928289137695098
33.494243278647886, 4.926589244326036
33.407788437271336, 4.922628790024858
33.41750188414896, 4.924546976321477
33.03197361412062, 4.896319959416215
33.304435176080474, 4.9171531197741
33.4390012495217, 4.927711115249853
33.52519771264364, 4.934133585415969
33.468440935943384, 4.930160399300589
32.88597314829978, 4.889449234616936
33.152027481545794, 4.9101020032726135
32.886444053817726, 4.89272537795834
33.551090688680425, 4.943100831483129
33.1339255401927, 4.912468651749744
33.19077987105934, 4.918096466027954
33.27359150698389, 4.9245393900716135
33.403808056364284, 4.936129987438391
33.61628155885832, 4.953150539757926
33.17483000098535, 4.920804900900941
33.47208388657428, 4.943395143608462
33.47665804834024, 4.944445804909991
32.929452532561456, 4.90408564744343
33.2509302156364, 4.928115620480622
33.47372642032232, 4.9454033326413445
33.34167749831463, 4.9372259460189145
33.28045932922614, 4.93299170497887
33.32429166227806, 4.937049411442389
33.30072583944178, 4.935759850202126
33.32826777650266, 4.937906721501581
33.48761062828753, 4.950774920400371
33.59816615604569, 4.959098395222227
33.384308681677595, 4.943770496226884
33.3015191974826, 4.937960993165859
33.21645024889157, 4.933731688504836
32.78365650237983, 4.901886348457746
33.105420494090275, 4.925911805928857
32.94720118156162, 4.916661213902446
33.33372293685405, 4.9486582067168134
33.59067616361896, 4.970773241836401
33.32785424405164, 4.951486795932533
33.47878515204847, 4.966041732037671
33.31326520639451, 4.953979354318238
33.403363532430646, 4.9610892791875845
33.42640016948295, 4.964621885343578
33.214003276038746, 4.952883207413838
33.618106540345444, 4.9841179754151295
33.45892422223126, 4.978314687759832
33.86752873667711, 5.014103007346035
34.11008327164532, 5.041743397590654