1.0295962335110875, 0.15
1.028057678166648, 0.15
1.0277767243581986, 0.15
1.027122087581833, 0.15
1.0267836199377898, 0.15
1.0258734285096918, 0.15
1.0255091452473195, 0.15
1.0253470945415397, 0.15
1.0252254392995002, 0.15
1.0246247365931795, 0.15
1.0245860769621922, 0.15
1.024440945963775, 0.15
1.0240687324829487, 0.15
1.0239075938308684, 0.15
1.023789670015563, 0.15
1.0237855331569177, 0.15
1.0236109171017715, 0.15
1.023605430599448, 0.15
1.0235887951971656, 0.15
1.0234257643833788, 0.15
1.023125769216905, 0.15
1.0226617045763338, 0.15
1.0225223345532652, 0.15
1.0223117687046928, 0.15
1.022022856256459, 0.15
1.0219916928627804, 0.15
1.0219857876402667, 0.15
1.021918275422367, 0.15
1.0214888421695287, 0.15
1.0213503772773038, 0.15
1.021346574949902, 0.15
1.0212193224985264, 0.15
1.0210099067793816, 0.15
1.0209953327299441, 0.15
1.0209644955814514, 0.15
1.0208568755351608, 0.15
1.0207250540933501, 0.15
1.0205464375546482, 0.15
1.020506402462171, 0.15
1.020354433652246, 0.15
1.0202258887530067, 0.15
1.020187688730185, 0.15
1.020065913496172, 0.15
1.019876760767183, 0.15
1.0197944383064013, 0.15
1.0197554362116732, 0.15
1.019736294578797, 0.15
1.0195483096790412, 0.15
1.0195408615793902, 0.15
1.019519977149967, 0.15
1.019519297801978, 0.15
1.0191922945285348, 0.15
1.0190846581063668, 0.15
1.0190733283623619, 0.15
1.01906651841155, 0.15
1.0190398406256906, 0.15
1.0184180745162228, 0.15
1.0184017293521204, 0.15
1.018365203352904, 0.15
1.018127902309165, 0.15
1.017883045620726, 0.15
1.0177434684293551, 0.15
1.0175626523082788, 0.15
1.0175539947512808, 0.15
1.0172850075413828, 0.15
1.0170646605336138, 0.15
1.0169413842407287, 0.15
1.016540313870559, 0.15
1.0165141097961732, 0.15
1.016244258141006, 0.15
1.0161803969647294, 0.15
1.0156983817145977, 0.15
1.0144809407697888, 0.15
1.0134061941578567, 0.15
1.0340825549951231, 0.15165458375820773
1.0375881098631226, 0.15238656043066445
1.067678899522337, 0.1562395491065942
1.0593408457103302, 0.15569782883328376
1.105821315152141, 0.16124539583334307
1.1117451926828936, 0.16246103095712883
1.109463301950804, 0.16279133246413213
1.1176834718760358, 0.16428484647858
1.1142607737722843, 0.16408262404878293
1.1337365376608013, 0.16645512426114273
1.1592016356723538, 0.1698191127626174
1.210801022892811, 0.17794041852260456
1.2209445461450796, 0.1788915146175567
1.2339888201875535, 0.17990987097275024
1.2269489956501247, 0.1802793945839669
1.2302868659582422, 0.18074866756253183
1.2300486617716175, 0.1814690552072422
1.230398370758515, 0.18166102385762262
1.3103233442179243, 0.1923131919018921
1.4055849281319441, 0.20577739691876307
1.4166684177100328, 0.2078223998094968
1.440858900438121, 0.20981777009654135
1.4711437840536934, 0.21598912245321777
1.4995355773672112, 0.21925452492482833
1.5022967265996234, 0.21970683679393854
1.5089595920429963, 0.22127200845975903
1.5562879152897837, 0.22721214035294413
1.6206595461786453, 0.2363195345174045
1.6362805839679202, 0.24003763107915788
1.7264565619931544, 0.25296239280021826
1.7695834087737587, 0.25684173428376855
1.798558750191375, 0.2625797003502699
1.8250087474505976, 0.26740160674459545
1.8763013993878992, 0.2735198643129637
1.8903271504747563, 0.2762371855415173
1.8923691821429298, 0.2768289013257368
1.9102487973552258, 0.279540124406104
1.9421632696040614, 0.2837248602625868
1.9374480716004983, 0.283971140680908
1.9599849928170707, 0.2861720505809222
1.9767655798354333, 0.2893536964354775
1.9867411494554985, 0.2902220623335454
2.0980540572310336, 0.3064060121663008
2.162725404542583, 0.31647769788645963
2.2151264794986085, 0.3241970606240079
2.2238620639604076, 0.3251869196448558
2.219369152655888, 0.32493323153097986
2.313136364333577, 0.33781952768751555
2.330857741473076, 0.341514477425096
2.3559489949035366, 0.34411913525844096
2.36475689823508, 0.34487901546979494
2.3647114873887713, 0.3468517710839274
2.401792206556582, 0.3512421862428132
2.434279122031135, 0.35527838475966345
2.432782428374368, 0.35595248019445513
2.444401459488939, 0.35736107320806276
2.514818816972938, 0.36806421719192617
2.6757532763415113, 0.3910728955940517
2.7035841414447104, 0.3936347774077369
2.6874148296927087, 0.39370093463451816
2.7192364366914843, 0.3971886409026464
2.8653389161278686, 0.41698994232435105
2.8499329958698554, 0.4180737509852932
2.889480081866599, 0.42205480341927437
2.8886797053307833, 0.4223267449736916
2.9198633159150793, 0.42512512913921263
2.988253897495763, 0.43727837245809464
3.0036161734625044, 0.4398118537589273
3.193814517134516, 0.4669127566769564
3.2788719550788032, 0.4796657955946797
3.3195585647383696, 0.48369575222422956
3.3620264839339598, 0.4915928225713033
3.4024424732932745, 0.49530219195755
3.4210545409231896, 0.49810287165958744
3.435455394093494, 0.5017094941562599
3.4637024705045767, 0.5039254972475664
3.498572568660922, 0.5092924362042321
3.536773837842003, 0.5164207470847764
3.5446628830278186, 0.5170317526503192
3.591162912096257, 0.5245527118767273
3.604122865500597, 0.5275594418863809
3.747837468883882, 0.5443727908053813
3.730215758765295, 0.5453699766453672
3.8591558807218274, 0.5633071278593276
3.898338245155854, 0.5690551357535449
4.1027626240060355, 0.5989839972444937
4.1868753229156255, 0.6094162240205119
4.2999047533656745, 0.6263535520943124
4.427185203525923, 0.646065313309621
4.432285047691206, 0.648022672206066
4.744066375157745, 0.6902993625530467
4.792352345531744, 0.6950779823102726
4.8287007877183825, 0.7015849027082393
4.963654618845615, 0.7224806345943673
4.942094576708003, 0.7215190349567706
5.057019387113243, 0.7360643755593648
5.075556238853395, 0.739439093313246
5.119925897184725, 0.7462600286876819
5.320154409142656, 0.7744861620824688
5.308115865335956, 0.773912386259739
5.377638512019249, 0.7809943209482455
5.427226449649173, 0.7875036600427903
5.3818622325005325, 0.7852428673837979
5.578347955507538, 0.8107513659699643
5.573137260951118, 0.8130555674696627
5.583957988920845, 0.8148735748356044
5.650394358152546, 0.8231990872142392
5.657203603281262, 0.824421634968358
5.714439444406429, 0.8292816821542042
5.8263327312738475, 0.8479326239784939
5.860550706142238, 0.8512349505563392
5.918202210133408, 0.8610394550534988
6.057971466871016, 0.8826995643866979
6.253948086118861, 0.906672690068806
6.37148476775836, 0.9243630843278732
6.345107966793046, 0.9230007350684959
6.493275283811145, 0.9446993356937865
6.670048962410955, 0.9682631598736906
6.8187563948749155, 0.9917575118900483
7.123038388958456, 1.035860202396706
7.189262875622397, 1.0454984560294394
7.257925912905088, 1.0532978825607024
7.3929531968707645, 1.0733581078515702
7.45641237479383, 1.083543552331312
7.504865310396084, 1.0883529409537829
7.459442379320981, 1.0862632896297697
7.512901641319391, 1.091255705562622
7.519036446801986, 1.092644954026878
7.535360958476994, 1.0976398786803188
7.607581660746902, 1.1050310628563258
7.679299197627785, 1.113313591284169
7.68022020012936, 1.1157233747016697
7.6723234768701785, 1.1179200211939015
7.8357110389392925, 1.1374708888041711
8.082721112748533, 1.173346133901945
8.508559843817073, 1.2328163604636204
8.66962785730744, 1.2572438073922347
8.729389962397343, 1.262993460754056
8.769778036587509, 1.273078428173589
8.814361134329852, 1.276561343451104
8.821079629015454, 1.2809045289401393
8.893879763895406, 1.2875248067347727
8.933036991193632, 1.293960057815438
8.939859764658209, 1.2983432086519002
9.055310692986273, 1.3086483451710977
8.95983706812395, 1.30259275691387
9.005154404234341, 1.3064874732116065
9.085884948026111, 1.3221234237131663
9.259479580443873, 1.3410542452645906
9.23791772530047, 1.3412209079943809
9.418182458358919, 1.3679896140883434
9.553057247318264, 1.3871835779665025
9.590762117008733, 1.3932858461363056
9.727541226273635, 1.4071987677187296
9.806526841818965, 1.4225420718909447
9.911792217781386, 1.4326400725454391
9.867111912756506, 1.432169641690062
9.952734562155428, 1.4401613663573691
9.961730414184762, 1.444009448138317
10.155072815444745, 1.472032396025944
10.165489212300518, 1.4735257699923991
10.328349242955996, 1.4938902259164104
10.365156570220538, 1.505361250149746
10.484051901811158, 1.516439024620622
10.438203547730232, 1.5161825852355904
10.524847991440797, 1.5242915966213078
11.045547262492155, 1.593349435822156
11.03620865812203, 1.594246579018706
11.012294877701429, 1.5969884166058295
11.161805775701767, 1.6165441620954528
11.241958312293471, 1.6223788260193306
11.265022906541647, 1.631960884574342
11.256968363041963, 1.63535173531415
11.385461714537678, 1.649190172974313
11.46311089649993, 1.6587423826297947
11.603949830229347, 1.6798656977505333
11.708192244301749, 1.69253862433904
11.73764104640228, 1.6948448488855865
11.766292912605916, 1.7093534744108263
11.971745248823636, 1.7311293116318032
12.152439956155295, 1.7528034624576394
12.117977520310344, 1.7507766585923612
12.161214308736753, 1.7545487706662177
12.23779209461902, 1.7673458351262754
12.215591652921525, 1.7730414789429787
12.328779553209, 1.7824930090516045
12.40407851187722, 1.7890815824371247
12.310806216085098, 1.7824371384349735
12.355179197357044, 1.788842837263605
12.545529125208857, 1.8079554427498783
12.430802794276588, 1.8016758803598636
12.624328981362124, 1.8186039652193768
12.698082669532496, 1.8251684616808843
12.57774606849242, 1.816687457175295
12.615479179053763, 1.8297439664576691
12.728913165960252, 1.8395724314496054
12.953767664756237, 1.8596893407429738
12.796614075647907, 1.8499302976445398
12.829772913208668, 1.8586671797470693
13.155483968974194, 1.8858715005494764
12.845412668080742, 1.8647648100051688
13.027733541404437, 1.8819452021767091
13.17068631825075, 1.8986303521088388
13.140659825732694, 1.8985712776724055
13.173715276295871, 1.9016982997265934
13.363235229162203, 1.91926488113271
13.133982128909796, 1.9063888261160349
13.393715773328271, 1.9302468553785346
13.407262505237082, 1.9337837245049627
13.394549877999594, 1.9379971252730588
13.306511784136461, 1.9316708660440556
13.559659528466508, 1.9562943935109427
13.773698195681515, 1.9731875879973115
13.624390293315908, 1.9659432885152395
13.649833660307491, 1.9732032536294968
13.977168878681175, 2.001304191312636
13.672978027520253, 1.9808310217264724
13.8804935376641, 1.9984472756048532
13.759561508313372, 1.9899257699103945
13.893940414134274, 2.001779288100831
14.098583041596456, 2.016948852287972
14.265552995340029, 2.0314099731295565
13.832474124968634, 2.0016351326604243
13.842902496636004, 2.0066088766832824
14.0398987874197, 2.0210889358414867
13.994970693851055, 2.0194087970808754
13.930111083131699, 2.0163469789935062
14.024050677909138, 2.0232940007502336
14.036413237017495, 2.0270784589507
14.343628118951177, 2.053467515919438
13.936042751582416, 2.027545389551067
14.690215057162364, 2.0823723604529976
14.29623344874676, 2.0611465895940544
14.481429657273104, 2.088149480843917
14.56258252835264, 2.0983648024163593
14.753029376253366, 2.112258142831549
14.51107369719473, 2.098028031572281
15.051428295554215, 2.138850700195043
14.63333522340728, 2.1118146789088055
14.970229328377656, 2.13873124622896
14.785278990151538, 2.126989191298505
14.789500366776336, 2.1284468683581164
14.83696671777938, 2.134106916739862
14.783283249103349, 2.132871520215427
15.088328689490696, 2.163855557770005
15.17536503280243, 2.172272374980029
14.847372601047624, 2.148807022512547
15.223526133069708, 2.176906512888994
15.240405809641647, 2.178584868889759
15.195666932011816, 2.1769123855516703
15.098653221596754, 2.1705954773912772
15.322814188593753, 2.18851563308536
14.924167605355196, 2.1608710945860565
15.171825048903136, 2.1808257857980795
15.068285026316719, 2.173972808623226
15.236886143332146, 2.186621442834256
15.218696909667491, 2.187240326454827
15.147322328093301, 2.182641041611446
15.295914031708266, 2.1968259390440315
15.268650572887854, 2.19648543204507
15.228565767615393, 2.1937643855711197
15.282308592464442, 2.1990841263618455
15.471226244275584, 2.2150873213584665
15.404435637884026, 2.210336792919234
15.332635083553207, 2.206020399889801
15.497106137935162, 2.218617689204721
15.140302856924864, 2.1930939863518795
15.317819562996531, 2.2063103278809093
15.457903221757684, 2.219488216919201
15.466138719080808, 2.2218768909404796
15.40642513896507, 2.2203135831792586
15.513132562760957, 2.2301478786309348
15.649349671341692, 2.2408988982548284
15.701563707834847, 2.2459658526965143
15.655622119009692, 2.2428099304457527
15.718948880366204, 2.2474486919060865
15.435505184982734, 2.2272915593917864
15.83541088240987, 2.2562794206590553
15.543951162925222, 2.2364080794010714
15.68658781545842, 2.249580726470451
15.849174593434574, 2.2633136742576943
15.608132777743394, 2.246628629487226
15.779120104492707, 2.2596104698116193
15.740565465454967, 2.2585653022548557
15.957806669566903, 2.274568039881726
15.50630686840755, 2.2422280438070334
15.725548095570232, 2.25885668092475
15.76851629907, 2.2619881352899363
15.886779142445867, 2.2705196996030335
15.675694070345669, 2.2559506259465927
15.914612615463076, 2.273502748113434
15.807427028569062, 2.2663394888820365
15.88973369510002, 2.274257154055757
15.90214257218503, 2.2754308128954914
15.77959951495797, 2.2690478145608184
16.134571676786926, 2.2978718814552312
16.10132888394136, 2.296508161433146
16.12078791388078, 2.2990180439887187
15.892252040018013, 2.2834174112570738
16.138210044270863, 2.3014724746792004
16.32439398347753, 2.318422561639162
16.175828615432845, 2.307983374325227
16.152625171601805, 2.3063411670739065
16.075284027723, 2.3011142065709977
16.12520043248367, 2.305053472193417
16.19826590512462, 2.3106051784312243
16.10671128913393, 2.305177191487604
16.152131043926914, 2.3094054312250023
16.189119091114144, 2.3128885030755164
16.221660627981205, 2.315326048926618
16.140672197655196, 2.310472783522517
15.999237885211535, 2.3040066858413466
16.145633582444404, 2.314581074968263
16.23189237307163, 2.3214019670228403
16.044997478068115, 2.3083653643813795
16.261476844874114, 2.324130579770163
16.409985315062542, 2.3359378487920868
16.161676766980882, 2.3182329704861893
16.142218219445372, 2.3183976504815362
16.17922168093529, 2.321545711629329
16.406075698572995, 2.339046013115489
16.29964205269866, 2.3317427394988988
16.31455002919496, 2.334144000269438
16.39691026903211, 2.3403284315075146
16.46194508354206, 2.346153055819329
16.231268049276423, 2.332147103902562
16.411452927191412, 2.345384775106041
16.358818490447256, 2.3416830709440672
16.28130165542445, 2.3361477923318885
16.527187377575967, 2.3541038199928854
16.208696552264367, 2.3320673733575186
16.525642099310993, 2.3571611899715617
16.43803396774637, 2.3536526723864837
16.499868996051262, 2.3583170554510557
16.429992224134082, 2.356122263664557
16.57223261245569, 2.366855271187016
16.296274824453892, 2.350485860915728
16.716080573942616, 2.3809928153267856
16.373461812663354, 2.3572359089130845
16.340655072729927, 2.355307382970855
16.552662546818233, 2.374140623731269
16.855265557129435, 2.3978285280285228
16.702263875616943, 2.388193246601289
16.434274871446707, 2.36972909278351
16.822716673258448, 2.4007691890095995
16.56115967899209, 2.3827985393225015
16.522088040144503, 2.380091530653723
16.692419733427517, 2.3935277380155418
16.741053079462073, 2.3976526639020435
16.69593405397766, 2.3950449868337786
16.864797784651095, 2.4078405509370038
16.87895959750333, 2.4092722679532574
16.735850892200904, 2.400087290842845
16.829518197055727, 2.4076693268241334
16.973507834713352, 2.418611630405376
16.991241056325983, 2.4204923550601443
16.615749554415427, 2.3939282068593775
16.590004061696767, 2.392199046986354
16.85306675565007, 2.411507236427899
16.632379033298527, 2.3968029414976195
16.893179097335626, 2.4169437017612827
16.98003068939626, 2.42318775814244
16.960137495953955, 2.4227054593186015
17.069551905663744, 2.433014346456197
16.739613569339966, 2.409758947597882
16.762596070629506, 2.411578037233806
17.119439906636188, 2.437846614470991
17.00600141342334, 2.430890526354932
17.21932996070831, 2.446695774632424
16.989916258258525, 2.431094301758079
16.93762876203534, 2.4275608551459804
16.945239052913067, 2.429500792440926
16.883697667140698, 2.425224541090796
17.075516231269276, 2.4409084124057046
16.760812338892027, 2.418569704372713
16.922148923030896, 2.430254171665136
17.109122245354413, 2.44368410241965
16.85900251906009, 2.425979317929392
17.025748773802686, 2.4381174804038297
17.05342741890924, 2.4404688538399455
16.886060138215505, 2.429029187799987
17.272549004798247, 2.457619501327155
17.099146358517505, 2.4459181577569833
17.03041790376923, 2.441188912170489
16.999710808992262, 2.4395391561968527
17.0853199712887, 2.4458407347635953
17.18070314925112, 2.452780328064539
17.142613615202983, 2.450384244639208
16.935383450201147, 2.435995123651278
17.189215936410513, 2.454447571483347
17.141716253576632, 2.4523366377779254
17.277400277736863, 2.462066062585486
17.01802582920239, 2.4443535795395155
17.07753540979509, 2.449122351787996
17.073288074333384, 2.4489675990180926
17.505376500886076, 2.480548932796136
17.16620217558653, 2.4574209748387377
17.08566436595868, 2.451785311003958
17.235553301529233, 2.4644584811405235
17.262534710461853, 2.4668635884701606
17.3047742439649, 2.469988182000402
17.133918854637404, 2.4583345157562997
17.27745410640977, 2.4689164614638726
17.42641996573183, 2.4803088601218626
17.37824827802097, 2.477688895482504
17.179745368689638, 2.4644492171605137
17.17651414105331, 2.4650890762350697
17.184228230740587, 2.4657255722516647
17.455185743824273, 2.4865949676765453
17.307784696218988, 2.476934019681032
17.224204427133447, 2.4711510637907397
17.365327982587626, 2.481259329824188
17.291595899107843, 2.476012885701886
17.28847195582097, 2.4762595292538325
17.45610209865594, 2.4886026686379514
17.543710584502517, 2.494951572238482
17.54143793729324, 2.4952531439190917
17.280155538476027, 2.477698114214739
17.455449123529878, 2.4902942107351578
17.276948127818418, 2.4784835370356006
17.328601109157187, 2.482484596274128
17.569089219960453, 2.5001400865347723
17.432180359269122, 2.4908107583388217
17.24470210069968, 2.477416202613843
17.53267070079083, 2.498113279551233
17.364832525580734, 2.4861826768668838
17.448511487590803, 2.4926131228870707
17.515135828053243, 2.4973715509365224
17.389985813663277, 2.488502765827416
17.241778431135877, 2.4779631471418906
17.292204769996957, 2.4818667148391116
17.476491895470733, 2.4963456043653
17.267146460546634, 2.4816480025498366
17.355968654155525, 2.4885663286230386
17.155305910889826, 2.474948081562398
17.2528918966101, 2.482131158000982
17.491209700952584, 2.499705242141279
17.424681894089115, 2.495398702214981
17.433970632104508, 2.4962556382637784
17.384355918736222, 2.4927352716740536
17.496309224954878, 2.5027019554936736
17.58781291825873, 2.509675498070467
17.615491789221434, 2.5122987737637414
17.339958777884583, 2.4925987834493464
17.434491726191393, 2.4996415682683004
17.292610903568463, 2.4899093160670693
17.557471351964615, 2.5101595935470167
17.39774916110591, 2.4987384444030702
17.36149620651306, 2.497236820005968
17.586904760876212, 2.51342840589591
17.18650332166795, 2.4862579476093787
17.40907608256902, 2.503878560843429
17.556153176002827, 2.5149291521943518
17.38733431161403, 2.5028140474896983
17.38747392024514, 2.5033823840268887
17.533025650154265, 2.514415418672482
17.90028070610935, 2.5417630413672843
17.433972617387447, 2.509937306023513
17.698213396831367, 2.5306169554272406
17.434880489656994, 2.511959379850426
17.91688919222468, 2.546453212524602
17.675472034523285, 2.5328176090678056
17.957177343922048, 2.5540579032798494
17.97452682433417, 2.5552962354368347
17.71254554142977, 2.536965668697544
17.92558779945948, 2.5527725269320944
17.89384361812924, 2.5509902209879654
17.817814452278505, 2.548055823605373
17.775496095077404, 2.546687440806239
17.657897341951262, 2.5386769344557347
17.784411666547957, 2.5479294059318436
17.890787909765784, 2.5556338588965444
17.773066993646246, 2.548312945592863
17.823886746715885, 2.5534241285212937
17.978863512050214, 2.564658246857414
17.61895443052747, 2.540197471119388
17.627834825860738, 2.5429363260570748
17.68564287902059, 2.5479125687822712
18.123633506360775, 2.5800448137909404
17.906597820905354, 2.5675195178613563
18.05917996050766, 2.578714615568196
17.995259224108814, 2.5756157795889267
17.99769746664781, 2.5757904440416945
17.786126521595882, 2.560815861647101
17.904164890357006, 2.5697098624564108
17.800908933571034, 2.563052972764323
17.82781509162307, 2.5668086418320613
17.985142487436686, 2.5790891877227473
17.970658073970057, 2.5801521887106293
18.183994697044756, 2.5964180372617696
17.992500546108648, 2.582737134795048
18.038298076335966, 2.586039581089336
18.230534943550687, 2.600487678905461
18.111246275839537, 2.5923474664785218
18.14227423391695, 2.5968183562554747
18.245026247787777, 2.60424796419517
17.91269701289634, 2.581312785799539
18.118568683174182, 2.5961375345466697
17.924677564440668, 2.5823195948765987
18.206504076820522, 2.6026044610705856
18.222267082743535, 2.6041737571213908
18.06878681199356, 2.593868989630992
18.000823981532214, 2.5896987510069387
18.302068484897653, 2.6118741289789638
18.120824719073962, 2.6008102172154324
18.1296421352204, 2.6018911123660793
18.35895935268705, 2.618693137929884
18.283528586559342, 2.61360768559721
18.39115264149483, 2.6214178497662033
18.148098282538836, 2.604043416633006
18.008360705972166, 2.5940210657164497
18.086674003243395, 2.599796960834073
18.473341929034504, 2.628648267221285
18.173013940596388, 2.6081297607850917
18.384280616339723, 2.6232890814584
18.204314900176442, 2.610564198382348
18.046336845763694, 2.6005427172588753
18.437276559511808, 2.62864385593383
18.395491028548772, 2.6262078386328946
18.314735113127664, 2.6210327763931707
18.434604565762527, 2.632182632219533
18.292663559335562, 2.6224949622657245
18.216426096448206, 2.617892497927814
18.4377007516503, 2.635164192063688
18.28179308935079, 2.6301086016424957
18.386326766996746, 2.6391142140358648
18.47595968321131, 2.6459904644912813
18.41625259503481, 2.6425330471673636
18.280723991438755, 2.6347386246001347
18.52199231105146, 2.6522417646864627
18.590422156901322, 2.658384813984642
18.585687187252567, 2.6581691488992076
18.407949991079228, 2.6454712772462585
18.272557964207543, 2.637199798544221
18.4224663967082, 2.648418639664296
18.701670123635438, 2.6686990280813054
18.75829899373407, 2.673244630160192
18.581228049437886, 2.662266229659987
18.719731149005558, 2.6733940211823803
18.50088485070747, 2.6580327726672044
18.411597085527507, 2.6521421401273138
18.54663075841878, 2.66605334732009
18.63606575245235, 2.6760122224404936
19.041463593362284, 2.704978854243243
18.469125601565985, 2.6670907907068786
18.777036528338293, 2.692441413380706
18.736452606012655, 2.6904281592223755
19.047198662398113, 2.7130149532305303
18.74992521118018, 2.692418306802109
18.831147857087245, 2.6996932685583053
18.74771647863939, 2.695908086258954
18.99909339394184, 2.7184002367253113
18.859058013673984, 2.710239501437215
18.951628794186686, 2.716951433040091
18.88966552334573, 2.712597811603488
18.83760418920951, 2.711835165376142
19.060809192572858, 2.730617460087079
18.928749418318624, 2.721378166828301
19.146684447779155, 2.7389695958117644
18.895387835343357, 2.7223881101832426
19.025356954055212, 2.7319454294147283
19.234797749528358, 2.747433314953378
19.173302514425252, 2.745137043478514
18.893509698283943, 2.7264535490009596
19.082030601124693, 2.740780420001534
19.184015725243295, 2.749198613511026
19.377531190549693, 2.766779875626444
19.561192482888824, 2.7799805064188305
19.059379096696617, 2.744681723153337
19.134816876144296, 2.751355762296357
19.32953157770039, 2.7664089235325324
19.231850053128483, 2.762648921512567
19.407932932337342, 2.7752767664444677
19.44608763803784, 2.7789222327543417
19.120275821489315, 2.7564117703479036
19.232662548376847, 2.766162255109716
19.097747912580733, 2.7590486050224756
19.263352872704218, 2.7713721316499873
19.17871097465614, 2.76547173326823
19.621567865089453, 2.800523353826736
19.360209142493293, 2.7857009808437683
19.582057251595174, 2.8034687301765864
19.78641683654803, 2.818563283646398
19.3831036404911, 2.791292114628245
19.57686201059825, 2.8055236615032753
19.8889114778616, 2.828672907767378
19.32034191633426, 2.7880534343822827
19.584598598815425, 2.8092117710139153
19.267848508915698, 2.7867462983839575
19.843578531899073, 2.83025021833045
19.41697732747082, 2.8000875351679078
19.536629121015885, 2.8117890400718126
19.7869579163781, 2.8307753085074516
19.653302981760895, 2.8212546327464594
19.642161970413486, 2.8205323174799624
19.55062141966405, 2.8173520781823758
19.725532634675755, 2.8313209536009865
19.93158987969364, 2.8467874609206767
20.032837624772014, 2.8542084326640627
19.476251528588197, 2.814897808802101
19.626108423327167, 2.8262343314065186
19.67070884420918, 2.830345523967117
19.64139254481413, 2.8347836670057847
19.7083336879801, 2.8412748150594886
19.632941456315034, 2.8367166700197544
19.646256134956, 2.83823498976105
19.843007269388977, 2.861056591252562
20.031316569252766, 2.8783153939183403
20.21826093607905, 2.8928101222394353
20.103099720057955, 2.885136633097898
20.046730278102928, 2.8828416952403098
20.128855880609, 2.892722044823808
20.203158244928225, 2.9006743894838616
19.982793988465552, 2.8872335652768184
20.396541750392746, 2.9175667285367757
19.9168192159091, 2.8831344234148792
20.262372211063802, 2.912273029746168
20.24999176573056, 2.914930789659542
20.386902941277715, 2.927064867729645
20.353346123717888, 2.9277891897109987
20.214854428963193, 2.9187648197925276
20.16311048234084, 2.9158231359945415
20.498740821041018, 2.944295753704533
20.570924307406518, 2.9499335996471254
20.422542219795883, 2.9392938125901624
20.33871359843017, 2.934194930403957
20.374944122319043, 2.9389522126321417
20.324724781886133, 2.9362976696127925
20.43749516236157, 2.948405409118277
20.511735360681985, 2.9587329778802935
20.69253432892578, 2.9831493779291947
20.564996338005347, 2.9743828276753437
20.79406120267019, 2.992419111410114
20.67710896116531, 2.984684063203815
20.736956699788887, 2.9899784759086323
21.392595750325484, 3.0498239882421307
21.034739979067844, 3.044087318649278
21.156621793717097, 3.059952339326606
21.468245166531847, 3.083124431084485
21.409187105006954, 3.0813075851123317
21.49886469954527, 3.0883346094906567
21.331067492949746, 3.0847614213570624
21.73706705879772, 3.1179689829561203
21.62812951584873, 3.1124155109326868
21.390278334488382, 3.095472637694267
21.516281262613568, 3.109253466331463
21.627274606177533, 3.122259533909615
21.52050871675704, 3.1152362256813877
21.628143774558243, 3.123683108709878
21.74806518558054, 3.1335323812865923
21.78361633687507, 3.138251725425625
21.818685918640277, 3.142800159117214
21.953057325608697, 3.154427563725881
21.981229553153813, 3.169752336679128
21.863307544550526, 3.1648374879453396
21.852976180616547, 3.165211142205302
22.234440510982353, 3.1957640611947014
22.021831232070753, 3.18098471518637
21.99500744614383, 3.179359468370759
22.091665606032223, 3.191992722061758
22.11101846072816, 3.193803891718529
22.19562370596551, 3.2129609824727074
22.180508712670818, 3.21316063808466
22.442747534616753, 3.2336543243992466
22.346303877581963, 3.226874095998073
22.14116112876786, 3.2130428086537544
22.31783525792891, 3.229250418847136
22.241815903373926, 3.2252767079245492
22.41220381322589, 3.2396297333763853
22.332294659284035, 3.2354978329516477
22.614137955298713, 3.2614526724270805
22.69534497821249, 3.2737029007317586
22.892246562668273, 3.292938749716967
22.532736825081095, 3.2716971611850294
22.748144422137656, 3.289642362522824
22.712295049240467, 3.2881841821701903
22.847652391893636, 3.3007211028119627
22.985592292796817, 3.3278252737748533
23.138287827173546, 3.348895734076766
23.0534876012515, 3.3488342426540436
23.325069433021103, 3.375977607435452
23.46585926100118, 3.391516725183248
23.321034400938643, 3.393791420668279
23.641149516040233, 3.417304367592604
23.780674148225103, 3.4384426123013796
23.67309505986579, 3.4342656268225786
23.68969017814332, 3.438247662914537
23.957397825582593, 3.4576510502050013
23.874076029702263, 3.4588919748622438
24.000436323755384, 3.4716825470967834
24.08270397598445, 3.485126074128053
24.293299821497907, 3.5012726454556153
24.127522299650497, 3.4905923939108314
24.100957421905655, 3.494352848213347
24.1889803147156, 3.5019855863566747
24.224874978681267, 3.5220996052704496
24.54689058726541, 3.5537968052615083
24.513136050007315, 3.5515220246920416
24.568243643880184, 3.5563860860432612
24.71276685674016, 3.577767136629726
24.71648072590124, 3.5783359048540815
24.61062447192258, 3.5713910029031437
24.607885559046576, 3.571458503778377
24.74442838579311, 3.5876752551900903
24.818843775176628, 3.5994889187385803
24.884912020752278, 3.6048445502608484
25.150571400507495, 3.6375747450184033
25.121630218662983, 3.6412360273864186
25.312684190064314, 3.6780590308753665
25.544542394189435, 3.6987798441408355
25.634234968107013, 3.7203926642942893
25.71710700851377, 3.7341134831654994
25.78765752818174, 3.743822054613579
26.051367349382474, 3.7672806437243773
25.863624676666003, 3.763770471627505
26.046203888730407, 3.7790710456734296
26.052248988343088, 3.7811097133109106
25.920699206418984, 3.774860794944141
25.97483434388821, 3.779959939628448
25.828402822322655, 3.7730462285481092
26.002895710721592, 3.787475612687367
26.273226938260645, 3.816448191436079
26.407669190219394, 3.8377627476055194
26.587027001404966, 3.852546460390209
26.636109217068746, 3.8640861900648478
26.692814559251648, 3.873438184082449
26.839606787575732, 3.8930878545260184
26.798596817958916, 3.891676240399759
26.808462799562527, 3.893757670463553
26.82651658395609, 3.8986296187175835
26.813966698524847, 3.897969784178594
27.149305412489312, 3.9402587389133688
27.05715036233891, 3.935656465277672
26.958872219794756, 3.930821822894057
27.594078725534565, 4.013775269147361
27.94770312663591, 4.055567781909022
27.443644028310022, 4.019303755630494
28.134555356897003, 4.0778630546026235
28.005620326939443, 4.069969628065466
28.07502173937364, 4.081837314260121
28.21288912311775, 4.0970749043637245
28.235756811780426, 4.112007754385469
28.44684388812535, 4.130409144651887
28.567968766477215, 4.154179291233173
28.5740517240942, 4.156908865525876
28.652405234048747, 4.169555433212204
28.76851968598997, 4.178917137596507
28.618913571147587, 4.168460820424815
28.71501758476797, 4.1755837661335455
29.043554096952207, 4.218264316278974
28.946214601298117, 4.214143808101973
28.962232406403754, 4.222943555749283
29.12575405720617, 4.235772392686592
29.15571730526715, 4.24345292106228
29.2975958823803, 4.257072768724359
29.31749837341912, 4.270846161408548
29.354150203026407, 4.27554974811805
29.274042158786656, 4.277430819139762
29.52177893011559, 4.300632304215834
29.830150995219395, 4.335146840207506
29.96016962212754, 4.346910695502879
29.84023919762483, 4.348248060599664
29.716665052450846, 4.340191754066686
29.926047590475896, 4.358201724267865
30.0096089116242, 4.383084085925175
30.44670895573873, 4.4220645834153745
30.281412937423433, 4.415974807539029
30.352413491767226, 4.42285916463607
30.581153010485153, 4.441683443144084
30.174909775077516, 4.414490485063564
30.39202526677674, 4.436747034781272
30.390765710416673, 4.437323795727052
30.658868075946497, 4.472280228999052
30.60629875144613, 4.468898737610496
30.852779423374056, 4.489718795560608
30.806182829394473, 4.4959096031743835
30.868845596672706, 4.5008479885688475
30.702756894039055, 4.488935772752833
30.81537212068855, 4.500696122704226
30.7274217243454, 4.496626146242215
30.878606889851962, 4.508601086276253
31.13777685495516, 4.5436291446690875
30.94681922068793, 4.5304500153214695
31.117433566707863, 4.545402832228708
31.241715308592944, 4.554646597498928
31.15396170969431, 4.555779108908788
31.234105072052106, 4.5635862564468805
31.342933453217768, 4.574939962036175
31.2431323694955, 4.571599790974445
31.46028477682891, 4.587852776929544
31.414117907586906, 4.586806773871232
31.278323979912216, 4.577352621221535
31.591261287249445, 4.602526470127721
31.481570786607186, 4.601990424483302
31.501204504206722, 4.60427510518125
31.888011223851755, 4.634856363054591
31.315703922361152, 4.593132075782062
31.67413469171805, 4.6196843232117475
31.374097669592803, 4.6014100429248135
31.621437672554674, 4.63046181518403
31.738169681163086, 4.641062680156016
31.640964631593537, 4.637720176357966
31.73267470579248, 4.644571024374386
32.07083571859515, 4.673369560103324
32.04217663955128, 4.67633872601346
32.174359907671196, 4.686963381382309
31.98239778953717, 4.676902628334287
31.922669168012266, 4.6761703721192855
32.152753883120305, 4.698795834057885
32.15407673901424, 4.69917072609413
32.10695362536284, 4.696442013330595
32.198796540408296, 4.709092723040153
32.053755233717624, 4.705652915881788
32.10636505896438, 4.711138427350458
32.15872708801601, 4.71718687128291
32.365363291765995, 4.734321059014943
32.49295686324095, 4.74503712882327
32.75162522727941, 4.766767377416905
32.32884964816478, 4.739354037395815
32.648416230973396, 4.768314616730398
32.371830795432125, 4.750043253085507
32.75547203614771, 4.778799407504583
32.26851528111156, 4.748359035139191
32.99434911929784, 4.812363066193319
32.648438896647114, 4.787103654783548
32.66314263659037, 4.789827748010446
32.59872429189239, 4.788695721565974
33.29117504274271, 4.840206955632437
33.177348115549144, 4.844119984651389
33.034572509239815, 4.837447483360353
32.80545221619114, 4.821435073947364
33.08779502823512, 4.843040655029959
33.09007168664071, 4.84336390690611
33.10274365797275, 4.84669907300687
33.10650308955052, 4.847312825551053
33.35774914214386, 4.868868436786464
33.02671690739244, 4.845000310953893
33.10442312340789, 4.850866994564648
32.82456303688916, 4.831377009851165
32.998501151505195, 4.8453716672883225
33.2863292754503, 4.867438470793363
33.16999512088247, 4.8611457689546285
33.040493524307784, 4.852927903434027
33.16904782097345, 4.862457220428304
33.20625340014554, 4.865611294054421
33.19239193969179, 4.8659358233106715
32.9700957468177, 4.850026430438398
33.23672368839927, 4.870010516324316
32.981999436153444, 4.852798662995365
33.28407532244475, 4.876224196727243
33.05809065275616, 4.860128607862772
33.241660407874846, 4.873958567135641
32.8814863018445, 4.8479866341763795
33.02141411240066, 4.858449274854332
32.88090412454089, 4.848960115573033
32.9431003650906, 4.854357789256396
33.468919113557554, 4.894184691209229
33.42840732830774, 4.891366138369142
32.871682737922, 4.8510047785890205
33.155797631099276, 4.872119914830805
32.97209789104918, 4.859124517390369
32.912548571480464, 4.8551203824203855
33.37583819558603, 4.889888176081587
33.02300178538638, 4.8642796997678435
32.91383025935342, 4.857697552415285
33.29673486780013, 4.886515420772343
33.206163235985905, 4.880338379087583
33.16953923833628, 4.877932228549137
33.40188309451685, 4.897240063531034
33.642233690337186, 4.915051516924926
33.48638432025472, 4.90366893648422
33.105818648808786, 4.876333232311831
33.08149067170453, 4.875106504128854
33.43383844641019, 4.901334614261394
33.31455811331977, 4.893052515133564
33.49822518294914, 4.906713248813561
33.096305440306544, 4.878365812406542
33.44286759118021, 4.903958504400278
33.474411806418075, 4.907279812870857
32.78146654256266, 4.857144969914266
33.458691592886225, 4.907140231140523
33.360847529999944, 4.900014551786318
33.36820043026263, 4.900926391737059
33.49133202755796, 4.910405347016089
33.51629570816103, 4.912593758254761
33.49988751027117, 4.912326978939114
33.45525739199975, 4.909113319035174
33.293491741871804, 4.899535728577568
33.09356330443181, 4.885193900678952
33.54560681816976, 4.918710532777821
33.591086872013236, 4.922816159538834
33.38080977152303, 4.907531051253799
33.33642895267172, 4.904736593171674
33.34358746189525, 4.9061742310191
33.3549684242201, 4.9075500575669535
33.56247490962168, 4.9230888196810625
33.54583848913534, 4.924785288452622
33.39370493382905, 4.914324305875508
33.25294545134903, 4.904042751478929
33.466371145762004, 4.919961271226178
33.38975316342004, 4.914449425776912
33.44081373313955, 4.920284160270587
33.53256651002716, 4.92772255132053
33.4921106565527, 4.925682137505738
33.303327660559546, 4.9128224148589235
33.60292306302298, 4.935467523769927
33.533706395129705, 4.9307885274622105
33.52976007843708, 4.930944894645803
33.46099187022526, 4.926338902382372
33.33328027585015, 4.918124222239852
33.489115426380145, 4.9297235537893975
33.32222063904964, 4.921809179798637
33.398853040179766, 4.928625530413268
33.730086921848866, 4.9547998989909265
33.5460182903628, 4.943712779715221
33.375885982008846, 4.937089356207271
33.30767459334753, 4.936338149621877
33.41724016864989, 4.945970522315008
33.33942082406704, 4.941245130273921
33.54468256562018, 4.95746861308697
33.8062536404611, 4.978137680792469
33.97292623052352, 5.015591786115976
34.31954260023353, 5.055428975625615
34.45524623710184, 5.073627426080429
34.50811475597226, 5.10304761561495
35.16312776723543, 5.191398913723748