1.0266813161643227, 0.15
1.0247509972957625, 0.15
1.0206759528369453, 0.15
1.019739066146072, 0.15
1.0192604791653217, 0.15
1.0190139878553401, 0.15
1.0187057719752846, 0.15
1.0179051192198978, 0.15
1.0176052322145044, 0.15
1.0172468954528195, 0.15
1.017080592242128, 0.15
1.0165797144290183, 0.15
1.0165706917950355, 0.15
1.0158694834933657, 0.15
1.0155551495808306, 0.15
1.0150655880663915, 0.15
1.0150516888912557, 0.15
1.014672126946431, 0.15
1.0146147565094292, 0.15
1.014429208801142, 0.15
1.0142775788725604, 0.15
1.0142346891065328, 0.15
1.0141522813434707, 0.15
1.0128945923224226, 0.15
1.0127130214374858, 0.15
1.0126782751293144, 0.15
1.0125021822546902, 0.15
1.0123360842906308, 0.15
1.0120787740034887, 0.15
1.0120324349859335, 0.15
1.0120282547701003, 0.15
1.0119188454161259, 0.15
1.011913687504393, 0.15
1.0117312008216324, 0.15
1.0117047830893842, 0.15
1.011191222774782, 0.15
1.0108539565759056, 0.15
1.0108186306837597, 0.15
1.010770780182265, 0.15
1.010383886893033, 0.15
1.010336674220226, 0.15
1.0099651310620277, 0.15
1.0371130344636537, 0.15202443924261555
1.0095707480750171, 0.15
1.0092744679430723, 0.15
1.0089666687089587, 0.15
1.0088143585434504, 0.15
1.0084283157133491, 0.15
1.0082271373486262, 0.15
1.0082235784104363, 0.15
1.0078505195831295, 0.15
1.0075448808667389, 0.15
1.007464897028348, 0.15
1.0074382260024641, 0.15
1.0072750553346776, 0.15
1.0071767194124266, 0.15
1.0071498705801842, 0.15
1.0070639898820444, 0.15
1.0065319294230128, 0.15
1.0063992569026448, 0.15
1.0060567997775283, 0.15
1.0060551702725586, 0.15
1.0060192898442468, 0.15
1.0059384787843402, 0.15
1.0050930157478863, 0.15
1.0049897099556495, 0.15
1.0041680584727626, 0.15
1.003904741422335, 0.15
1.003219806724825, 0.15
1.0026696465156408, 0.15
1.0019551612509359, 0.15
1.0015847411700447, 0.15
1.0009759495956363, 0.15
1.0002014523049079, 0.15
0.9994526255053207, 0.15
1.0720171577391495, 0.1580518062799401
1.0963910042402274, 0.1614538647445789
1.1083504677337372, 0.16368859012833958
1.1039518852263372, 0.16410742242844378
1.1204059195001017, 0.16611545804369676
1.1480177951282116, 0.1693012180267388
1.1458960889353058, 0.16931080093948658
1.1227122384666264, 0.16841504151515352
1.1563400949626346, 0.17176722246462983
1.1999259373775832, 0.1758331008242191
1.2022386987536395, 0.17609326179386198
1.198278088777024, 0.17798649404068545
1.1914617114731234, 0.17824084595383916
1.2504226580244375, 0.18459589946940014
1.2752864219459068, 0.18885522220933026
1.2997305777095356, 0.19158862583115432
1.2994957001412617, 0.19292311325529266
1.3270353098094245, 0.1964301897688996
1.3595750819845538, 0.20005712368440332
1.3573632086001695, 0.2000515115209449
1.3735421310953513, 0.20445328611348224
1.4174534437309698, 0.20787004353252136
1.3986435515435736, 0.2077917028846814
1.4696242943891986, 0.21627587223928924
1.4324530803760849, 0.2135364103222308
1.480643587377158, 0.2173499449512688
1.4554397205593543, 0.21694612675774927
1.5575411004061273, 0.22826602354790548
1.597977127970986, 0.2360205788821217
1.617404268339934, 0.2380238566783337
1.5923100369283831, 0.236335616978967
1.6999600769785517, 0.24934545233553695
1.7501381793720232, 0.2582684699967368
1.8735263242822293, 0.2762554628292717
2.0063149808594094, 0.2962772311303068
2.049104197421462, 0.30069032036564014
2.060423938802055, 0.3021680749406013
1.9990306408380463, 0.2980216956340369
2.1568963553561282, 0.31533191697517715
2.0800641930805646, 0.3097087619942256
2.1590110117874204, 0.3194013382000076
2.226838578246929, 0.3270766217557801
2.2043441071722003, 0.3262656328429996
2.225810926105629, 0.3285959470278126
2.397099572584931, 0.3510469190731218
2.342803080655377, 0.3473116157930205
2.3524574219004104, 0.3486065888137029
2.376771347356978, 0.35093614261325
2.4260087181894052, 0.35832950534376895
2.459444695601307, 0.36415510192558553
2.49103331687123, 0.3670180587336507
2.674975638940748, 0.3910542799200982
2.7760095157917752, 0.4066775568699592
2.8477862913402463, 0.41692397184487184
2.8340943546642454, 0.41690927897959185
2.8700101650062773, 0.42150000744114724
2.9267195621742834, 0.42955439509569526
2.989991175865603, 0.4407330684932891
3.004403468159647, 0.44316273600250966
3.0484676524923158, 0.4503562127661658
3.065659150636242, 0.4521617561968654
3.096684515480407, 0.45556782962503917
3.235907826391674, 0.47777637980555276
3.316117277006884, 0.4901803248022212
3.450389627515324, 0.5109371034759862
3.5550091077040045, 0.5200541023082144
3.5557964236666386, 0.5204775957853496
3.5486171240240076, 0.5257284836530722
3.6699528765019975, 0.5416671836389035
3.71797346074451, 0.547651129414966
3.703052773881796, 0.5474854214749607
3.784583529113656, 0.5537257293610836
3.7803430205866024, 0.5548476593511591
3.9150919357245537, 0.5717292588466965
3.897275446267253, 0.5709238605149318
3.858877814300764, 0.5701029240899196
3.9702843678235684, 0.5817805388705359
3.98432952431421, 0.5842281159349687
3.994036471837699, 0.5851063797527782
3.9835474332028196, 0.5891414780238984
4.219430860354137, 0.6220071252243713
4.312416623341834, 0.6322874075342737
4.310176577150161, 0.6321641528594828
4.396931376260908, 0.646252250313764
4.447302018446339, 0.6546520591424603
4.52964182392111, 0.6632231513704427
4.628119762124813, 0.6747514001805648
4.66319689606994, 0.6853681257153648
4.663011219716793, 0.6864940230701304
4.731476016286303, 0.6952290424129819
4.85037507892856, 0.7075912580212051
4.989029961669523, 0.7304226158836569
4.934925786633186, 0.7265101194910022
5.078742468356456, 0.7523024350788425
5.211261415068752, 0.7633080685494447
5.195889596768814, 0.7634189377365646
5.3347556850887266, 0.7762419563866079
5.227293581217883, 0.7685725768000289
5.449973687441649, 0.7962888643241754
5.606412611199388, 0.823610346435693
5.7219022734129, 0.8361225535064625
5.783086137415242, 0.8471951582399289
5.844580356370638, 0.8540552636241632
5.807689816572937, 0.8532206284736059
5.864538602942077, 0.8581806541103836
5.854176219998372, 0.8574399719573682
6.148234080232277, 0.8934298023592868
6.081469910939148, 0.8921466503305968
6.1434609340336745, 0.9008151168337424
6.229981641666266, 0.9110951927213051
6.248724979942477, 0.9134087330247302
6.231681838362323, 0.9146047638057091
6.530348449299659, 0.9496496944676052
6.613861370769542, 0.9612321487347213
6.600296724050879, 0.9630249114419591
6.746713336888843, 0.982577807319787
6.895356551239138, 1.0028954252668347
6.919843824948266, 1.0099290595421744
7.248077639145728, 1.0554393518792065
7.390750197229455, 1.0763662327879624
7.561870705640158, 1.101471840473776
7.597502837057113, 1.1093981714136891
7.767131352404525, 1.1346028975859417
8.029324531212833, 1.167097663009689
8.048410124273198, 1.1696799094153425
8.137813730761232, 1.1906458710574457
8.152858791617158, 1.1937334420695516
8.27229557181177, 1.2056716860124421
8.452797832156206, 1.2308484710123562
8.441564568070046, 1.2388113520849346
8.548209148553426, 1.2489302314116006
8.823838911092572, 1.2824857425407066
8.951318695569578, 1.3029181581529636
9.24413773484455, 1.3355651337245389
9.142912369702898, 1.3318190092776199
9.200228396522915, 1.3363252206249614
9.130401063195501, 1.3315857879429354
9.251480737948476, 1.347177901920638
9.272269341813859, 1.350821223810657
9.304603093672476, 1.353707563671101
9.308409017011773, 1.3541130188165162
9.52518813395189, 1.3852184148030249
9.87895755381586, 1.4347678314381156
9.816732407848386, 1.431256720624921
10.421952741453337, 1.5106100477344704
10.465764070130884, 1.5140418036902297
10.578512461075961, 1.5292104389679206
10.55611841045631, 1.5299412066159546
10.523819084782, 1.5312913776490493
10.70282355983514, 1.5502988391864037
10.530618776819736, 1.5386401151693612
10.67398137164703, 1.5551787696882151
10.9377883022652, 1.5848016467032267
11.145346525171956, 1.6113862478873608
11.334602757411433, 1.63145730569825
11.453574084900081, 1.6479321451908095
11.320580899523057, 1.6460300934546384
11.382807335812053, 1.6538297536326478
11.445693627731407, 1.660300553578418
11.523853133599784, 1.6704323563632784
11.654808572013984, 1.6810977947464778
11.631966283660528, 1.6956200473906051
11.8694290870913, 1.7271349306268284
11.952398314475543, 1.7444269447062881
12.171657119769312, 1.7713267898613099
12.34371317306689, 1.791164930449134
12.342874845226154, 1.7920124467699043
12.321808923169765, 1.7908208746974452
12.460507096227403, 1.8018352957259314
12.34467092928452, 1.7935696765217672
12.790402935940133, 1.8296794419899332
12.781640615708968, 1.849854399496036
13.433715805307628, 1.9070451612599726
12.978100210096688, 1.8807028964085637
13.15694664011228, 1.8938504695995384
13.377527917930212, 1.923502219639488
13.443732623006385, 1.928998573702918
13.2285482108039, 1.9158898097505777
13.650034088819448, 1.9506233691660846
13.681540750935415, 1.9592702410176077
13.77174885593748, 1.9697610167723845
13.743867343916932, 1.9720600770518226
13.703851129960274, 1.9703235386206979
13.964131367284459, 1.990383799005131
13.645047838638728, 1.9675511221329938
14.043294968763119, 1.9971292498071636
13.556417254183312, 1.9648541152725958
14.195931917886249, 2.01081863741404
13.72468526045301, 1.9780498548251257
13.483709894975403, 1.9611549679446565
14.133350909764879, 2.008031177533187
13.862065862041357, 1.9894409551235848
13.909093663474694, 1.9929394452555886
13.782006174443966, 1.9894180828217145
13.744771390359245, 1.9903699420589032
13.746606744389688, 1.9917434511593228
14.283491065269908, 2.0354863936348044
14.132617202592565, 2.0293675056327087
13.771083800983122, 2.004142146070887
14.023166956073785, 2.024181326711429
14.048950816682899, 2.0263716224317507
14.201397652587854, 2.037748598906486
14.714007571679554, 2.0747046729299523
14.494963043988848, 2.060821983420942
13.983337176323731, 2.034399117974675
14.339399475668795, 2.060424693113685
14.42887560056404, 2.068356627879666
14.805819384004488, 2.0986924268396656
14.03927216752383, 2.0446869548780837
14.42124350967517, 2.0754136838483257
15.020035384259671, 2.1183561101695814
14.815532971494372, 2.104867842362075
14.568649345273842, 2.087416039295234
14.27294258116842, 2.0662708323491152
14.701841085666226, 2.098500723534724
14.727273796055737, 2.100636226285846
14.357901982083115, 2.0759468128279535
14.74751117532153, 2.1045825379145215
14.910976890462473, 2.118580706263331
14.693835333793329, 2.1034246756723736
14.36376739301617, 2.0801861454223713
14.804160253908568, 2.1145013452746086
14.666883630298953, 2.10638316765759
14.82480347898564, 2.121703365747538
14.98846660939543, 2.134102534453133
15.187152007635694, 2.1514682308059685
14.546041816703898, 2.1067139532082884
15.269755256843746, 2.160106423120687
14.660733715833375, 2.1180955235421646
14.55488253992692, 2.110657749699392
14.800295908929192, 2.1303739826563106
15.246175438603219, 2.162532245022417
15.247217755824865, 2.1629513401722678
15.13569601288416, 2.156081651225527
14.896772666812543, 2.1407663078856665
14.676863901197517, 2.1249909684128303
15.322506904984884, 2.172490362706518
14.62584406509434, 2.122614751264596
15.022867409283894, 2.1515828781146835
14.79202774698062, 2.1352520568796214
14.86216312210161, 2.1445708212342733
15.144044423618825, 2.1655340447520466
14.777108186358136, 2.1394927154256953
15.436128521648937, 2.1877654579770267
15.02885716375809, 2.1648311313169772
15.146921684386314, 2.1738605578662984
15.369195471658779, 2.1911054840074433
15.400606840953806, 2.193787703956551
15.11868908028907, 2.1761695339131704
15.435336345780916, 2.2006361019646326
15.638216130523036, 2.2151124860149896
15.462219527354266, 2.2028629450616544
15.173206203133969, 2.18447878098162
15.151100000851914, 2.1853746839186616
15.029966414757608, 2.1768443329668674
15.792849730367788, 2.232204339834123
15.68637173958777, 2.2248633038685606
15.631434012906508, 2.2217807674468615
15.444608161787746, 2.2105263308282463
15.491811257271811, 2.214119854507035
16.138380409232035, 2.264132368795515
16.072902205570564, 2.260495030564922
15.862757607882303, 2.246388930599199
15.37960116173767, 2.212443286789627
15.631998555751538, 2.230859923145032
15.58729467569017, 2.227771372180287
15.631290819038295, 2.2323341264215246
15.688620488918538, 2.2382675119465523
15.477857502628575, 2.2233173932881956
15.820026959416825, 2.251418582533824
15.917030183914322, 2.2589317029275913
15.534897092278372, 2.2324403730104425
15.908176908299826, 2.2598058174811797
15.856988296800905, 2.2570194427279544
16.01317742443576, 2.2714996743509097
16.029579270736885, 2.272892996030693
15.775669080198321, 2.2551810661694045
15.690561685176002, 2.249313413145768
15.415262798867555, 2.2320983304413184
16.140713275985796, 2.284407877650909
16.171521387291275, 2.2889364245945076
16.035619444095293, 2.2799569652706797
15.89880650705619, 2.2706669214067565
15.733724535673508, 2.259124378610518
16.003828857463745, 2.2795729113953778
16.19081348448377, 2.2940158613660655
16.236832303576076, 2.2983310333706175
16.2717317717041, 2.3011572032317806
15.99651655282031, 2.2830689678329126
16.100222402905562, 2.291273866715602
15.947216274932979, 2.2805700590086664
15.566222326717089, 2.2549290632175145
16.00346486004841, 2.286992231604743
16.225717752215324, 2.3030253515707244
16.512161477111352, 2.3240904045915123
16.183113349227504, 2.3028658251310574
16.413012126678744, 2.3216683595784637
16.439914635362456, 2.325802351809876
16.045066414702745, 2.298446789937203
16.08790632386431, 2.304266444370451
16.414430661102028, 2.328063804621814
16.13890585907207, 2.309791381284092
16.42040574291891, 2.330341078526028
16.532778578488365, 2.3387799243230134
16.672573559705654, 2.348946545301902
16.378536663776277, 2.3283067765599696
16.307930216583326, 2.3242143611889032
16.585798298923205, 2.3449640345695455
16.066097450860614, 2.3081995507413238
16.185327473788345, 2.316760327204932
16.40322735669377, 2.3330402543081874
16.545972864142286, 2.34424635445746
16.792470728324307, 2.3616698873967996
16.157740867778244, 2.3176132913650793
16.26419902290685, 2.3252680448730834
16.751644839278388, 2.3600029651418204
16.540756354328867, 2.345634404090484
16.570810173151198, 2.348366805135762
15.835352233364699, 2.296835939047539
15.993945005490925, 2.308451474209652
16.72346555026991, 2.3606503158651515
16.017511227435378, 2.31078098723523
16.52947797544325, 2.34757680251489
16.44483482179275, 2.34206639277287
16.43622317889395, 2.3414974461731557
16.222973341635836, 2.3266332995650707
16.286704703025, 2.3315784631262737
16.667715098760592, 2.3593671296926955
16.384873802044794, 2.3396102137057246
16.73589338918447, 2.3658476051644683
16.545398866936438, 2.3530743194648585
16.329592083646656, 2.337691200417553
16.350021550661836, 2.3401294943092132
16.63443204176186, 2.361773780457697
16.058396524362525, 2.3208614041191122
16.427256830559887, 2.348400815539855
16.64683133796768, 2.3641303790108026
16.716812132899204, 2.3699949359406114
16.954846111772277, 2.3869277319829063
16.360000958721525, 2.3451608412316283
16.69226038973616, 2.368916835120751
16.76285191783975, 2.373949581184873
16.664260300481978, 2.3691054110737664
16.373637301479963, 2.3488981456196827
16.482739434329833, 2.356937624596509
16.70146885372644, 2.372898634666485
16.647145358972356, 2.369245758007141
16.947833934315813, 2.3911834360831197
16.5878945393465, 2.3669542678750943
16.195164154526864, 2.3399762473998242
16.779647100792253, 2.3821057368613463
16.66912557600073, 2.3757242183925475
16.727460297878054, 2.3813363532143272
16.761031328162797, 2.384337511594321
16.646833192766003, 2.376458995530899
16.858361750530353, 2.3924561401618227
16.748665675668956, 2.385073796127033
16.573851552110543, 2.373054195842461
16.690289520609532, 2.3818348943154533
16.880809365964083, 2.3954394754096686
16.83075162670935, 2.3939347217064455
17.05538320249014, 2.4099453236294277
16.2400051287189, 2.3517046520624456
16.720822070576997, 2.3867040383135274
16.35216097287283, 2.3604334515846404
16.279435158072417, 2.3552461183280027
16.260188605936374, 2.3541052072537783
16.734059479324884, 2.3882857447125483
16.32136950107802, 2.3596114738186875
16.68787825149936, 2.3862649234404616
16.72788156466226, 2.389428235442823
16.695848974507165, 2.388086299543426
16.78427866434377, 2.3948418284583317
17.01528588821281, 2.412682060301865
16.32854361745351, 2.363818847231019
16.777204065450068, 2.3963374081959232
17.206548616321896, 2.42707910731653
16.77709334964043, 2.3976642637081103
16.1866905401338, 2.3557682955788017
16.64396039919456, 2.389330147256903
17.10689156146704, 2.423116303571806
17.06452570448748, 2.4208444514488603
16.78497114988755, 2.401222715685436
16.632917319720413, 2.3904732641745685
17.322891392905763, 2.439582226096202
16.94142612791498, 2.4129467585931685
16.512539103521608, 2.383071888611701
17.02787745479011, 2.4211468245080114
17.184361171046078, 2.432832286856108
16.633701598263823, 2.3951137198675143
17.274428264995436, 2.4415086214621695
17.070618835179452, 2.4271540839045525
17.026983389772642, 2.4242424119347517
17.08029054508555, 2.428199535255171
17.251804630412796, 2.441451761855733
16.99111595983454, 2.423309250712249
16.74478950116466, 2.4059392717240113
16.701334249562827, 2.4039170378643515
16.981025744032863, 2.4245219300164766
16.969224752211527, 2.4242494918951474
16.93342291217795, 2.421696851793369
17.219785166268103, 2.442153882377176
16.664138386618436, 2.4033705253328037
16.73269037660095, 2.4091701065381788
16.824703843708612, 2.4159370588043467
17.26079127795912, 2.4476413867147784
17.02002319667272, 2.4322647083139888
17.27475772175624, 2.4505508093353745
17.025319983598237, 2.4352385289079788
17.038797166884986, 2.4364440251046897
17.289444287253684, 2.4549632083053874
16.799600892767863, 2.4204714606265814
16.759527631702312, 2.419234753393053
17.108677883956236, 2.445695381251216
16.684277592200843, 2.416386574701768
16.944294006179078, 2.435490842239309
17.199557712836075, 2.4578346649853566
17.081023764620216, 2.449766972742262
17.589155834794976, 2.4863552968912472
16.997934348189727, 2.4444319978850615
17.04942892616128, 2.4492718947844017
17.142036494151345, 2.4562220332659335
17.34113447150942, 2.4705546298854264
17.183036638689764, 2.4594219320802146
17.59718355346906, 2.489682971369702
17.199464746926978, 2.4623338781294546
17.420428777029556, 2.478249305979734
16.89412050692816, 2.4409148442318545
16.995425727004264, 2.4486565487159266
16.890148560408274, 2.442434407143934
17.66749352454853, 2.4991129672212598
17.11849780471587, 2.460433698089979
17.642221618009486, 2.499442335438551
17.226293055805787, 2.470743382948859
17.337036273589334, 2.4793349252017727
17.238213261039682, 2.47242928057348
17.54287588914354, 2.4945734109171314
17.703517507110913, 2.507291229202484
17.729406061712197, 2.5096430950678394
17.683787742879453, 2.5066109541347226
17.571811368106715, 2.4993303095500785
17.735774374587287, 2.512335125142413
17.252876821139633, 2.479612579794006
16.932158502956614, 2.4565345225987327
17.73688165497895, 2.5169034856575667
17.919294465715858, 2.5312928354973607
17.354084686043677, 2.491106083644601
17.57770490679874, 2.507518281619128
17.27501120619754, 2.4859614735428437
17.483129232429494, 2.5013649018675155
17.2504921007702, 2.4847609958796424
17.345672164074443, 2.4924841779857427
17.44863053078125, 2.500845420992923
17.797759368739523, 2.52584263054898
17.21261461466619, 2.4848530588148803
17.30758949536973, 2.492504582485622
17.819434694403785, 2.5299903073701913
17.645387899839747, 2.5177334865888623
17.25441055147921, 2.4897714506879964
17.538809651460653, 2.5107462260394486
17.640793518299876, 2.5180961709130756
17.759845798744358, 2.5285348704144095
17.735886327107593, 2.527240339278425
17.369096745403333, 2.502266642824676
17.46673168955007, 2.5094949585655346
18.033456316779954, 2.550953520680763
17.613781150493743, 2.5226743767026427
17.357405091566385, 2.504907860452536
18.19632350889658, 2.565832917624462
18.24037254661107, 2.5690984696448282
18.07034322421903, 2.5610451602251993
17.16747264165227, 2.4967305368821524
18.01544200675714, 2.558329071866514
17.89212435999039, 2.5502430419535704
17.225091896280873, 2.5023634980640734
18.10496804815497, 2.5658197407890198
17.745062334805244, 2.5402451555159278
18.08148454508572, 2.5645602347722702
17.533051892282465, 2.5266328912763525
18.068868883051508, 2.5654115891195195
17.466767141916904, 2.5229036701184837
18.209298998773534, 2.5762304203624975
17.745921768797846, 2.5455772357552453
18.03030434031147, 2.5659494052460596
18.095975057631268, 2.570929420686734
18.182866194497453, 2.577911944299358
17.60867429747115, 2.5379126035981487
18.145637918196478, 2.5774401076310527
18.284247856997258, 2.5877843198509654
17.905284597152303, 2.562419078575897
17.78218451244184, 2.5540415566764123
18.117243807059964, 2.5792693732572225
18.415450899435786, 2.6006679383978737
18.367721963792807, 2.5974123750483757
17.925267627506233, 2.5665693065454738
17.976137550478, 2.573009608542831
18.416761284219383, 2.60757266580534
18.477651886810257, 2.6119567400202515
17.99681656875324, 2.5800922857626807
18.379008751735757, 2.607833460748603
18.221370489241583, 2.5983701490081446
18.081115541545355, 2.5886249537770984
18.164356839158643, 2.5970884440750392
17.906413127413725, 2.5788926360306563
17.8561869282481, 2.5753446650645007
18.17778031736707, 2.5993332297790372
18.011409485413573, 2.5879976715233237
18.504654102780563, 2.6238004470376364
18.249603741274065, 2.6062468923936155
18.122481132776965, 2.5971814890616463
18.657946822937074, 2.6362962248821376
18.03272827713224, 2.592497756576737
18.674092196979856, 2.6384773358801006
18.3550206997351, 2.616514145957445
18.472820900583276, 2.6258857388774093
17.958276127679593, 2.589142985514517
18.582146816918527, 2.634647089047557
18.160875758607805, 2.6046127516358064
18.41375386692303, 2.622726482857278
18.058389317031367, 2.5980856917851547
18.17945416349454, 2.607415121256964
18.585373127815636, 2.636978292437746
18.55137316706504, 2.6349119014364186
18.64891367460688, 2.6428858254395937
18.717223296449802, 2.6493327457456672
18.709668299896684, 2.649060691422118
18.658111194874316, 2.6473186083577094
17.843137081516936, 2.58968487234809
18.12601698020307, 2.6105582954025426
18.000987902039853, 2.6019914606311323
18.347024564152974, 2.6273599951695337
18.64985654027538, 2.652327195247528
18.317268393416978, 2.6291611199870246
18.568059142992226, 2.6477065643329363
18.411857845780904, 2.6373010134315678
18.331259531079855, 2.6327780836848547
18.974385495087606, 2.679156860918228
18.653502320726304, 2.6565314977114873
18.479107802183265, 2.6441578125788068
18.013205101709477, 2.6110016390437547
18.803295433383514, 2.6682070184813185
18.600304576882483, 2.654717082133571
18.59522100674854, 2.6547455924719454
18.19883277783587, 2.626820302257884
18.792746315897684, 2.669415329340583
19.098157560746603, 2.6918028195145816
18.71445093581567, 2.665384858347
17.915630275393205, 2.609504177216335
18.468063909122286, 2.6509576014892717
18.584372402000245, 2.659591468528113
18.400795262665817, 2.647389925595811
19.111355970076723, 2.699041126885038
18.0846200205218, 2.626635587270531
18.629246350129353, 2.665936056633111
18.95905473092406, 2.68969714955424
18.455746333898688, 2.6538020856500077
18.875234933788896, 2.686112504189291
18.214941828711975, 2.6388406243010447
18.590449194818465, 2.6662551281756297
18.589241573248394, 2.668511743489268
18.637274940687504, 2.6726245315125903
18.984380541103114, 2.698671495170979
18.775183027721287, 2.684655661571429
18.832666413037288, 2.6888320008177446
18.77070282480784, 2.6887009219359603
18.699081916032593, 2.6841169366929263
18.74686954177122, 2.6897237174888744
18.73136114118487, 2.689304240820931
19.331448982522076, 2.7321753875478683
18.778664270694676, 2.6955298212235457
18.609393547658087, 2.6839374286526807
19.193686840196733, 2.72749669044122
18.715946547344444, 2.6940303582948744
18.769090452179814, 2.698005098260343
18.670298743552536, 2.691315855172986
18.794840498937223, 2.703691869098268
18.87928888751516, 2.7109557966498032
18.59716329537506, 2.6920001404344713
18.922143216801143, 2.7154492528946923
18.723901268446458, 2.70233254829421
19.036783816452857, 2.726599623930861
18.780145508147875, 2.7105793061215318
18.699984364316254, 2.706108643120791
19.47332201791506, 2.7615649889880833
19.061653328159856, 2.7323634634361094
19.274948977940326, 2.74853655118803
19.36320646118239, 2.756210870697009
19.311078578350674, 2.7546904454562515
19.304874989018177, 2.7550639819041134
19.15729976221702, 2.7457000184304414
19.416985463913107, 2.764881694498486
19.0276364489721, 2.7388935457075636
19.04848928122186, 2.741255737596375
19.587956060478856, 2.780099472998434
19.052621484419106, 2.742166113540163
19.17343828897471, 2.7512018621908645
18.995976630569487, 2.7405373844278147
18.812808863153453, 2.727633673922707
19.082486815068815, 2.7487217862755786
19.399240501828178, 2.7720711500415263
19.26089113594486, 2.763682579804782
19.05721212216111, 2.749374101458968
19.168214136988155, 2.7577178078873583
19.645046714186616, 2.7931539484399437
19.316901468216994, 2.7700146378691164
19.679644919799056, 2.7961527166569855
19.130385538021297, 2.7583429500139163
19.908198199756225, 2.8148124481509074
20.033010930837186, 2.824160233891142
19.168747161194382, 2.766146962740505
20.01934915892505, 2.8292842026688314
19.391946592072166, 2.7846521852425417
19.9452308600448, 2.826761063976684
20.05306135625461, 2.835611204116817
19.7385543118307, 2.8136454583260777
19.66395914732098, 2.810775426376404
19.878687150322254, 2.8261891339038048
20.037845132394807, 2.8385862467838514
19.846879835378115, 2.8252940644000946
20.060585608837414, 2.841014102558228
19.404522562375465, 2.7960966629612765
19.424747730786873, 2.7989555313002024
19.966387349807334, 2.840270745756084
19.717558185497097, 2.824220736178784
19.394292310162044, 2.802361249737788
19.961538485599515, 2.8453524992767676
19.824697197351547, 2.835589430252356
20.00913128278861, 2.8497833124313248
19.4558117921273, 2.8121730310912385
19.749814434203547, 2.8343484014170617
19.736350117607657, 2.8337897378315713
19.76861269691751, 2.837219331538976
19.896930902045135, 2.8465405277833966
20.093638946531573, 2.8609859594781017
19.433314922470938, 2.8139332108577486
19.59690793129125, 2.8258785409557134
20.361172782195048, 2.8846571869008653
20.026780857839096, 2.8611493793498965
20.147297174910783, 2.872017682837056
19.837895476582254, 2.851938626402788
20.181698932205325, 2.8767833271530874
20.3403987890753, 2.8931356339266934
20.05462807855754, 2.873149999844715
20.00302560100795, 2.870899916550746
20.22311025329782, 2.8871662516123324
19.767215221676857, 2.856767500826039
20.359518912599132, 2.8997929002474105
20.343812607986074, 2.9018072818838547
20.369271647357245, 2.904192029249195
19.7490408402005, 2.860061257551882
20.567810772343563, 2.920954492905463
20.103005690359392, 2.8917978771396653
20.137956420958627, 2.8951021933983467
20.490393978294023, 2.9234231439960734
19.86838552510029, 2.8798418824384964
20.2918565257539, 2.915703262235767
20.109722487790997, 2.9106031543294115
20.580743592456773, 2.945791078753069
20.32207032602273, 2.9276831141343296
20.313348904438474, 2.9273569409083118
20.55358480328133, 2.944751975779778
20.205407098960887, 2.9214347497966813
20.612209139569742, 2.95326618338954
20.958387157891394, 2.9784070979118704
20.99088149197015, 2.9821086948921582
20.63095276055956, 2.9567942667617597
21.079302220030332, 2.9923392569941987
20.671803060981315, 2.9733543957433373
21.17836092833292, 3.0101073921180976
20.418241957952993, 2.9578892626339854
21.443218999644554, 3.0319133871897597
20.870909623716177, 2.9962287201939892
21.346643745942384, 3.033667248338192
21.297476455079742, 3.033228396846468
21.608914929588046, 3.056388251085149
20.792287337769075, 3.00035826472753
21.354031466414956, 3.0423244498043456
21.48051527771888, 3.0532675074574644
20.899337424956496, 3.0144340946633275
21.279818005603335, 3.0488799256591648
20.57423123420815, 3.000933894439484
20.84208905303372, 3.021389085326538
21.075922731771232, 3.045267961832618
20.83128835314942, 3.029412286157516
20.95790647035624, 3.039915571028959
21.456373566371973, 3.0782875752497985
21.479515740165652, 3.0901997345580607
21.76148406913297, 3.1214973027355493
21.560985772300164, 3.1193309453388895
21.259671450528003, 3.098407328157588
21.613100068277717, 3.131211048431239
21.87923737708388, 3.155422060176341
21.747292410164466, 3.147215408124932
21.82116989802275, 3.161959992838792
21.733584517950884, 3.1612399893457717
21.996444156060054, 3.184579663008364
22.295689315556448, 3.2072031145482622
21.899687286073107, 3.182172057361865
22.818244963820938, 3.252318288280911
22.05366939235322, 3.2025237170057714
22.16415757337578, 3.2121251347517576
22.2834769527026, 3.2266054875384205
22.374315107183637, 3.243478595108937
23.035289958155484, 3.298331325149957
22.445140457117034, 3.257932121391864
22.87611404650997, 3.2897285775027623
22.72087991058218, 3.2794356418566233
22.6190963228119, 3.280458844697815
22.47907565114351, 3.2750891615728612
23.264305780878132, 3.3715305073837643
23.41958847519057, 3.391662365615842
23.505860947632563, 3.400710422124975
23.252030164462035, 3.3893784148985446
23.73911186192676, 3.431946592214283
23.522133065733566, 3.4218971553689226
23.522641439787904, 3.430898322985298
23.61137541337749, 3.4375730504479947
23.61900625231144, 3.439629005090585
23.795157399376148, 3.453040145935586
24.087259335670595, 3.4818411598775656
23.797271684927274, 3.4614533906933804
23.842357647369074, 3.464885695320869
24.176277394867604, 3.4897945879938126
23.614247273069203, 3.4513004262630282
23.885247727683968, 3.473845273163132
24.006379654637072, 3.4944438985739374
24.586290122401955, 3.566831931899827
24.415317491422975, 3.5551106608735683
24.489812978855284, 3.5653395057783728
24.643976064380013, 3.578718545584467
24.52162413382034, 3.5797397026746154
24.772477924548568, 3.5990629604666786
24.58205707901939, 3.5869040169146
24.74314124376682, 3.5989787076504083
24.60929257756779, 3.5897953376766862
25.048296607871933, 3.643430870417026
25.117088125530895, 3.6572646798682102
25.304256620817068, 3.6746136246817525
25.828745079608026, 3.743160092653752
26.03430109129541, 3.772509234851076
25.78497683377612, 3.7607833385783414
25.592182405939603, 3.7481309275963044
25.887984971863553, 3.7752019164290136
26.237651664703158, 3.8067903255754
26.068987020302995, 3.7957609301474244
26.485028166763268, 3.8381689479516075
25.886598991390333, 3.7949836295973256
26.70476332760099, 3.8667347872469566
26.52021703682165, 3.858682324829565
26.89057790767871, 3.9166583350966695
26.747255985894846, 3.9088143338408905
26.97381546366577, 3.935857388259418
26.797293341083538, 3.9265000740682394
26.810768834081987, 3.93218227869893
27.140547042326663, 3.9626584994843146
26.80414483959929, 3.9413644907725116
27.33272006173147, 3.981149479814161
27.369929431380243, 3.9864599621571717
27.626117294727532, 4.0219167907601
27.50910217091323, 4.01640607072063
27.66575586649879, 4.028291569027704
27.651145359876235, 4.045390680310319
28.081463865455802, 4.092612030754352
27.95516843733168, 4.086672334467638
28.151103326108966, 4.103950325047083
28.280475044500935, 4.116030820311982
28.39509541231842, 4.124551944991707
28.26106572899527, 4.119323005596793
28.082181435037107, 4.107188565538841
28.20548036443458, 4.118739724309159
28.13024130938676, 4.121314233131643
28.3452850198129, 4.1417435041682245
28.50123995093458, 4.17166181117653
28.8942627828212, 4.20163112013042
28.527876988849986, 4.176841196415226
28.353717242191834, 4.175101292664054
28.697033072540627, 4.201616254969897
28.964508999569144, 4.233592854182639
28.609308678244062, 4.217590321491331
29.329486087610807, 4.272528761340173
29.268790010421466, 4.276034513212889
29.27105084080711, 4.28297091980663
29.23999222542035, 4.289084295827294
29.33055920400968, 4.311795558824587
29.471061091713864, 4.332817739788035
29.50294492253248, 4.336661090605125
29.59117120234516, 4.345565261190393
30.10812368711739, 4.383389439731366
29.940545263162996, 4.383515266377775
30.266248205611372, 4.421592611334859
30.16116755628916, 4.417308491019433
30.26630720679427, 4.42525548093873
30.333807497944655, 4.441823658164023
30.3604508531421, 4.445067811983747
30.140101263497147, 4.438259029708457
30.238239360502465, 4.447538750786621
30.53581468239856, 4.475182055755644
30.794794070443928, 4.494691688069607
30.44525845035083, 4.479785818754089
30.570825936686425, 4.492867257071686
30.550392000067998, 4.498527389402469
30.578597635783513, 4.501204585173235
30.364957502141277, 4.491872736971702
31.149220646841428, 4.554195716566098
30.585003267528563, 4.516715988846191
31.01152774217308, 4.548268348077295
30.670545476935814, 4.527366064979501
30.74612471302378, 4.5377570357710235
30.564507960466045, 4.524718294779421
31.316952835316336, 4.580231942225718
30.739791122120764, 4.543705902310748
30.938622467696067, 4.560298289220046
31.701053984004062, 4.62343844716732
30.677257869979773, 4.552919795538208
31.292691338538734, 4.5990381565380085
31.319281437699978, 4.602043565989106
31.24529360311811, 4.596894335082428
31.122916866775146, 4.594790611597241
30.936329429311343, 4.581949153813973
31.16238965688559, 4.598718598855098
31.22831141205786, 4.610491306344368
31.811302127171192, 4.66125883467664
31.677515614150703, 4.6699527290440885
31.468456828467108, 4.655269104085524
31.995575647636485, 4.6972001894083855
31.95807545043949, 4.6954642356206895
32.21035221533251, 4.719864125051109
32.180588267915546, 4.723608178285727
32.14372723586803, 4.723447793522466
32.71167122874115, 4.770232448083391
32.343973895178834, 4.747641844743608
32.58447450901717, 4.770773183246956
32.1030602368165, 4.746474325569269
31.94540055715113, 4.736289443663286
32.459120219497265, 4.778724598652963
32.33692832676535, 4.7703262869350045
32.04049624254802, 4.751156577217414
32.00298341066102, 4.751802056395815
31.974326927072138, 4.75151818291678
33.07060643609285, 4.845589189563763
32.945963298852796, 4.836698216353412
32.0685040674156, 4.773104706130391
33.002747803263645, 4.842819789050494
32.84675487985063, 4.834147908743442
32.89833089179474, 4.839355472473891
32.35229434032284, 4.799279073914173
32.71844835560017, 4.83119101664285
32.90553603138344, 4.845350397352399
32.85958366475704, 4.843130730417415
32.890701703178934, 4.850331523406221
32.46558650883982, 4.822150934898477
32.63317129319267, 4.838074482693677
32.725456905027336, 4.84756016191137
32.41741346890379, 4.8253488856302
32.76422567695364, 4.852945546150235
32.929878533964896, 4.869088682807591
32.52258433303977, 4.8425230936873405
32.774397569917824, 4.863944133006936
32.75314110317798, 4.863093625503169
33.4533734976845, 4.914961348522453
32.45450601759408, 4.841435992926179
33.026147320380844, 4.88485256727819
33.4885209237546, 4.919190371842552
32.74619765497961, 4.864793582195641
32.62409990681143, 4.855979562663124
33.508378975540836, 4.922983443502657
32.73285749924087, 4.865900978598298
33.13843372498305, 4.898270663094199
32.719490253955364, 4.870907618854387
33.4848889944052, 4.929201193386785
33.598546202076115, 4.937993451143543
33.353985286176666, 4.920401383321688
32.588551093704, 4.866896367812676
33.394808063248725, 4.9284659751975175
32.5446705560942, 4.8667490921300445
32.903233963050596, 4.894998827827372
33.25458220380836, 4.922912051182144
33.29437383110508, 4.925925072007493
32.87792190827328, 4.89540750348808
33.41598653688248, 4.937230940406183
33.09050255778165, 4.913539359473639
33.31472265700125, 4.931975587316637
32.999501966989115, 4.910594623789077
33.66988168000948, 4.960229655986705
33.578576206195635, 4.955925277887367
33.62778141202101, 4.960151567728503
33.29477910460778, 4.9355335517269445
33.058525791607586, 4.919888084723493
33.29566068606161, 4.938405635379379
33.23297930009744, 4.9341350747903086
33.58204431529072, 4.963463115409274
33.11011883789014, 4.928753116825113
33.246219480913346, 4.939042905122346
33.256060799408495, 4.941868486893612
33.23993305587084, 4.940948149621273
33.384455428296214, 4.953549566587478
33.01469441631305, 4.9268952938696104
33.811391143332344, 4.986188389421355
33.47739919247245, 4.962149343129309
33.124155072024315, 4.936846759104873
32.99605262062649, 4.928261326369665
33.38521132348881, 4.957346744636523
33.498606228631964, 4.9667924987548835
33.05423827698502, 4.934680886222284
33.47351651301286, 4.968494611652969
33.264773509063886, 4.953390532187238
33.0755416452902, 4.941208214926213
33.473014089293116, 4.975918629042082
33.799458039455594, 5.001769080914952
33.48122465365745, 4.98000158965709
33.29470714358619, 4.966282871721483
33.52946526038478, 4.984351346256972
33.21041968434232, 4.961856823376791
33.40591776192, 4.977888735692206
33.39601505609846, 4.97851534661988
33.69486722072042, 5.00272160027223
33.43257549321949, 4.984161305044605
33.209713196497034, 4.974370452915086
33.272898883627526, 4.981567896792105
33.52292345867642, 5.004510508314303
33.52488276188516, 5.006952223741365
33.5270894419382, 5.013386623865934
33.289901843422896, 4.998416179408089
34.315220624542285, 5.1334839804641215
34.87607843269399, 5.190939469658373