1.0346695843191493, 0.15
1.0329917927384797, 0.15
1.032835240979582, 0.15
1.0328349299250847, 0.15
1.03269922859542, 0.15
1.0326887661642747, 0.15
1.0325483737881282, 0.15
1.0322392159736709, 0.15
1.0319324836587023, 0.15
1.0317728339889634, 0.15
1.0316159441788462, 0.15
1.031607825792567, 0.15
1.0314765329956457, 0.15
1.0314724381707425, 0.15
1.0313074585645816, 0.15
1.031166211107099, 0.15
1.0360764899585047, 0.1503594272577562
1.0310143069506978, 0.15
1.0310075510624157, 0.15
1.0309965786253636, 0.15
1.0309903560791878, 0.15
1.0308584179764826, 0.15
1.030854361259684, 0.15
1.0305456409567606, 0.15
1.0303981575905266, 0.15
1.0303951342827253, 0.15
1.0303936361894284, 0.15
1.0303895849973854, 0.15
1.0303802096287364, 0.15
1.030378278099926, 0.15
1.0303781405673498, 0.15
1.0302234688080578, 0.15
1.0302428314523522, 0.15000170871028384
1.0300829416003348, 0.15
1.0300789170556683, 0.15
1.030075672240034, 0.15
1.0300695223738445, 0.15
1.0299301857841943, 0.15
1.029775553395156, 0.15
1.029771457147534, 0.15
1.0297683946315108, 0.15
1.0297670189352257, 0.15
1.029755014845267, 0.15
1.029753284921163, 0.15
1.0296240387805489, 0.15
1.0296215793297359, 0.15
1.0296136056263738, 0.15
1.0296035020017495, 0.15
1.0309060664819856, 0.15009907394417699
1.0293105849342814, 0.15
1.028983321481091, 0.15
1.0288343277318481, 0.15
1.0286899813613029, 0.15
1.028684709393966, 0.15
1.028677992152811, 0.15
1.0286744532848582, 0.15
1.0286736951582185, 0.15
1.0286666765549393, 0.15
1.0283607476912406, 0.15
1.027897808410291, 0.15
1.0274352499470711, 0.15
1.0272694733059435, 0.15
1.026004242298195, 0.15
1.0258470263720318, 0.15
1.025034219764685, 0.15
1.04568841832186, 0.15195090097886155
1.0395981757535315, 0.15163965559958292
1.0545089867202937, 0.15335112885327895
1.0729908925609482, 0.15583052314166057
1.0629982947394108, 0.15526470042425622
1.0630066893757613, 0.155312356638591
1.0716928344787775, 0.15606186600840388
1.074941126460612, 0.15634586197517386
1.0753558875952807, 0.15640517252677277
1.0859426453234529, 0.15754850150613997
1.0725033602659284, 0.15660695540938008
1.0829996315625732, 0.1577069025083082
1.0838023663054708, 0.15803638050457636
1.0935250487142838, 0.15928637239318189
1.0937768996983863, 0.15944492684714362
1.098255682156741, 0.1598318206222098
1.103315232721914, 0.1607138797595269
1.1068311145664493, 0.16115219021104288
1.11414582555289, 0.16214294527775497
1.1159925816070042, 0.16236446793382253
1.1156881376143661, 0.16246678030962514
1.1234255600013252, 0.16334989961874147
1.134539974606435, 0.16491431678374457
1.1395798650028455, 0.16547616501257956
1.1776067476091023, 0.17125261255371882
1.1781577124281324, 0.17138288827200743
1.1930087140639891, 0.17354578527842435
1.2011418318669007, 0.17470247104791436
1.205347480409909, 0.1753656149134013
1.2135727580186384, 0.17664213955207497
1.2218898131550784, 0.17737705378758672
1.2254344234117518, 0.1780221916174023
1.2320639163502216, 0.17938913561210068
1.2423630107218466, 0.18069410592703772
1.2666527403129382, 0.18475692052624826
1.2706537773846391, 0.18511769802540368
1.359887797930652, 0.19749852815635283
1.3696402323387993, 0.1992963611677716
1.397711186920688, 0.20302222827082428
1.4006527955309624, 0.20368849360415986
1.4080023174129817, 0.20436450115348048
1.4019782686673248, 0.2041254434965616
1.4341907873331041, 0.20856639618718908
1.4412823411505666, 0.20984742288307867
1.449515638510599, 0.21111039929360853
1.4617711438519745, 0.2121035301224854
1.4620653761914506, 0.212651976814489
1.4694225494299635, 0.2140396399881821
1.4835163460811176, 0.21561092095249634
1.4968600718837433, 0.21703651516665357
1.5038661883548599, 0.21866532965646712
1.5170071950033452, 0.21989633373658268
1.5181818198027293, 0.2205535273199688
1.5684999246097109, 0.22840235348241134
1.5823506287627445, 0.2301142867450805
1.5964185519231346, 0.23184830306450177
1.6171105913443433, 0.23499127860269908
1.639137006352194, 0.23794718000045556
1.6425026664176345, 0.2384331487401985
1.6723259854448673, 0.24280262990997947
1.739691902752884, 0.2532608099679683
1.7533248415803033, 0.2547480255271166
1.7677857160485007, 0.25685187147478405
1.785379410047729, 0.25921407219832204
1.7851711766978313, 0.2592979490767515
1.8893077144097625, 0.27414386107426125
1.8853561186511778, 0.2740981348086473
1.9355098742173, 0.28088877384779654
1.957824367297081, 0.28437886165975357
1.9681603361094757, 0.28571299636452885
1.9857278183518465, 0.2879630266319815
2.0030769622105025, 0.2904393953424327
2.003683846853601, 0.2907827641723131
2.0106153064368453, 0.29165930719682365
2.0061545333561113, 0.29135587869226587
2.006456874938666, 0.29148685698505084
2.05805294037845, 0.2988050990283213
2.066730338981468, 0.3003344504004417
2.077869213901314, 0.30221493700943114
2.1167895264166785, 0.3070625576578472
2.1146504028800064, 0.30720328112023676
2.1382212829640963, 0.3104002818850997
2.17875512796278, 0.3164686542920707
2.1817593523511305, 0.3171412263968625
2.253775305328034, 0.327366647112977
2.276869125504205, 0.3299457984454701
2.280452278611972, 0.33153748124500826
2.2997632092136606, 0.33350471924087177
2.293499979210051, 0.3330869460071577
2.2952152307900304, 0.33328631559136834
2.310876002907491, 0.33561167419056837
2.3154690307187327, 0.3360244259422922
2.339247238771394, 0.33992802004357436
2.4417912227977463, 0.3535362934361812
2.4522250670965104, 0.3557207665983153
2.4610256029474877, 0.3576849756488292
2.517219946110229, 0.365363847232965
2.524909138016808, 0.36653060001208093
2.585987713037029, 0.375680676530739
2.5911016724078175, 0.3760861745937021
2.5879955430221426, 0.3765272701062088
2.620094595225907, 0.38006901571521023
2.6747589330223254, 0.38805555528769897
2.720940783064854, 0.3944124742360282
2.731825649964242, 0.39587181763004065
2.7460245783013733, 0.39845794372175725
2.7711965733443202, 0.4016958427707289
2.8306194798982167, 0.41054928810672564
2.85114235715742, 0.4134025132580481
2.8607839304537257, 0.414984969465813
2.8800419177203254, 0.41790213427564105
2.8905167974048815, 0.41991987891911986
2.9511504066918923, 0.42796851792521284
2.9574004306614814, 0.4291214137295212
2.988478516397288, 0.43338387983336
3.025722948979858, 0.43884865414674223
3.0614064324747154, 0.4441523739996338
3.0686674781263608, 0.44520891741783863
3.095655480672922, 0.44925545654290566
3.133428577556388, 0.45440008673942867
3.2337483201661024, 0.46874694835733965
3.240785228609666, 0.4699001512014993
3.2578771253054115, 0.4722413265947738
3.304873813239927, 0.47926486410911284
3.3443906476326135, 0.48521166779691693
3.3670788961344678, 0.4883578301848761
3.3795651966419853, 0.4899538810604591
3.4386593399754215, 0.4985221065770995
3.456304501672291, 0.5010057167658459
3.485855678066395, 0.504991736274925
3.5383118062496863, 0.5129691143443882
3.625813612068881, 0.5242880380039372
3.6646691550526604, 0.5318301617901948
3.6922948873676167, 0.535057760269269
3.7471573387067134, 0.5430882164828299
3.734738834473283, 0.5423997651697459
3.7791948709535585, 0.5476507630300214
3.7876342932335976, 0.548872718768763
3.7932131827452986, 0.5502475932083772
3.9052798897753225, 0.5665009749781085
3.94558661239295, 0.5726812610977321
3.9625765298708497, 0.5745584806473518
3.986951458706176, 0.5772539218808364
3.9958428358112625, 0.5786255230969433
4.027977193976174, 0.5827760312049168
4.0643512565120234, 0.5902753483526313
4.087276249853279, 0.5928179129012934
4.127457877559154, 0.5976855397315166
4.178871147645587, 0.6052186844796292
4.196123577071379, 0.6078048080841096
4.219432685385391, 0.6117133548329372
4.247293708621028, 0.6159345310587288
4.391771818029914, 0.636323751740691
4.402468345070277, 0.6383451387784005
4.4096269979656855, 0.6405109666213864
4.545370685836049, 0.657917037422207
4.5514821814665725, 0.6599443898411144
4.5848648432333245, 0.6634396935115943
4.590376584125658, 0.6649130935000525
4.615536025242415, 0.667590455909906
4.631840580414219, 0.671604826450003
4.696589277894438, 0.6802966870229836
4.696998168125579, 0.680354475239147
4.727886443719226, 0.6844328213252675
4.763223312472333, 0.688460600721517
4.76876502165261, 0.6893604727609182
4.807269560304616, 0.6962279467935861
4.827182370810993, 0.6992144939383653
4.901691372000648, 0.7105236862267761
4.923018511847751, 0.7121658389875645
4.974705870211727, 0.7211008472016927
5.016167616732158, 0.7272231318845668
5.115355161056138, 0.7410645771252149
5.15200879852776, 0.7462648268636389
5.165616931324814, 0.7474796121788989
5.158085547572373, 0.7482381031890961
5.251453328027934, 0.7604506719328397
5.271321380054952, 0.7622259142739001
5.269158099947656, 0.7625681057112859
5.338395611974734, 0.7727038367733945
5.359281686836071, 0.7762906333407216
5.386444148714496, 0.778870169498525
5.3925168316741665, 0.7813258581545428
5.513513683875866, 0.798284619362537
5.5519198608880185, 0.8043106271194489
5.566313537455374, 0.8060422150995077
5.672540080544432, 0.8209520451247032
5.680903824016797, 0.8221623057490639
5.674683061363938, 0.8223343589429781
5.709303722072634, 0.8256768872891556
5.721761145078697, 0.8268889535599122
5.700753955090162, 0.826112360459879
5.764902466297501, 0.8328856785912908
5.7813046735131834, 0.835733715595353
5.798585131900986, 0.8385864651913071
5.810792676877133, 0.8402366394092331
5.7983885206592065, 0.8398918471730292
5.8891970676561325, 0.8521847741755684
5.886956903702688, 0.8521058334101843
5.9702298388751425, 0.8645358637595173
6.112432104398818, 0.8853844687119832
6.184384454689394, 0.8952844742594284
6.225384998491569, 0.8999271907525852
6.227649901588019, 0.901679788283003
6.2948056755373045, 0.9090569860932067
6.388117265996302, 0.9250507451589156
6.419479309518, 0.9297226134406849
6.470506081990664, 0.9344329878081625
6.605052235597725, 0.9554955267756693
6.624784415983393, 0.9584917592764501
6.695013174930961, 0.9679566670257849
6.78663601303398, 0.9809235489955119
6.797422447276175, 0.9831868751549777
6.852496687292444, 0.9920101060842068
6.9600399974404334, 1.0081590162068155
7.084228400676361, 1.023495407060964
7.138739025739785, 1.0331469746691395
7.165608044484048, 1.0368903554847497
7.191778303747653, 1.0409757815466358
7.2722365256602455, 1.0508076163696183
7.317661756363031, 1.0579782160726952
7.3287640636215885, 1.0600370890468485
7.354981030237533, 1.062921789689617
7.388176543546248, 1.0686343445933426
7.396197670421153, 1.0708734719942408
7.4496923256712035, 1.0747746533083573
7.473594980879448, 1.0797528364879438
7.470428252459485, 1.0809880918233699
7.524959795224111, 1.0890448017573195
7.556202858440727, 1.091845475741362
7.5644358906874025, 1.0944392588512413
7.652179006686727, 1.1044600694728057
7.632466844708268, 1.103179335704949
7.681220069840833, 1.1110200649049506
7.7607864322539974, 1.1201326871593968
7.741623736562479, 1.119114080832218
7.773410805584182, 1.1233916398963295
8.019003962702834, 1.1570718976712895
8.043175635822656, 1.1637089576530784
8.102428278754847, 1.170275056985588
8.127297002702026, 1.1736971449534028
8.143752204239979, 1.1764139712710486
8.177723691912538, 1.1811498652847918
8.160576311076449, 1.1801863900744403
8.174652766377266, 1.181714834920542
8.199833179431279, 1.1840029244414056
8.275297017039332, 1.1945661922174367
8.22992456856418, 1.1914184398613115
8.296972709773756, 1.1975229784991903
8.354544065337606, 1.2080613166287462
8.406158401398892, 1.2131119801755146
8.462055314514206, 1.2196315689023356
8.428445518602606, 1.217539662920606
8.450619522873486, 1.2207365580480856
8.51215536451057, 1.2268559650111355
8.490777241606864, 1.2258457089482455
8.50568753276295, 1.2283433438570945
8.487087928673878, 1.2274074964782145
8.553074040688502, 1.2357146502057192
8.622656793227241, 1.2422654376045772
8.622905891750689, 1.2436951666520013
8.606846967293299, 1.2438379167235007
8.650283744524174, 1.2526338224463673
8.751564328537254, 1.262600373359069
8.770102957319416, 1.265634024522515
8.75411124845946, 1.2647597388631109
8.795067426996653, 1.270134950619366
8.775708431194884, 1.2687902983127541
8.824920670046547, 1.27390707445874
8.825982497841972, 1.2762340498914782
8.885557624803466, 1.2841196127166077
8.895761664500677, 1.2850440597832025
8.902860046063022, 1.2858836867774137
8.963788189238047, 1.2935897293669862
8.960877570622669, 1.2935353422528362
9.004128123079813, 1.297768431193072
9.021697196328184, 1.3001160763503288
9.040278905444081, 1.3055480262760089
9.114576740852904, 1.3162760486306935
9.150517427112073, 1.3212821560514936
9.164840113346795, 1.3229736337582043
9.205989329716822, 1.3268616630059142
9.210839591057269, 1.3292417754307317
9.408042982584728, 1.3567453069902546
9.426794874505315, 1.3581208160110014
9.457604011736963, 1.3621821019687053
9.469873149630544, 1.3647093147302414
9.477387294759485, 1.3659816330528551
9.481367087247838, 1.3667473472044023
9.535581458629295, 1.373033653416642
9.503371503437434, 1.3735998964792406
9.572466609697424, 1.378915346216039
9.589183320314485, 1.3824837901084486
9.562467498153053, 1.3805673149854503
9.61387939836947, 1.3843071578184052
9.589590577386945, 1.382925655478049
9.581584321605067, 1.3831334519402372
9.593775388952151, 1.3841115017062533
9.64830299429851, 1.3886867469610742
9.660263104601944, 1.393903609021332
9.660186794609034, 1.3954713351195407
9.715417562902907, 1.4012686309848643
9.758046780986305, 1.4050689051480125
9.74246333372708, 1.4045802925060302
9.749535308585784, 1.405209823323439
9.755035362101875, 1.4075738335829557
9.777978500932116, 1.4093056316462027
9.782478419257165, 1.411736709155047
9.822503005113823, 1.4171105469064926
9.823786942784334, 1.418500378992067
9.849097868793228, 1.4205519031719538
9.862987792787925, 1.4237595608347986
9.905511639047168, 1.4272922391795584
9.890161609100259, 1.426471850745184
9.889473696991919, 1.4273779969225941
9.933226978250055, 1.4312854934423713
9.903950371362944, 1.4300708667459405
9.942753856289217, 1.4332573849283303
9.943543714655991, 1.4343775008019666
10.000001141399986, 1.4427203217675322
10.068013166758446, 1.4513197525610222
10.046935331159375, 1.4499050801026758
10.05286376266402, 1.4509608280496922
10.134780527801968, 1.457306782348109
10.094494701761011, 1.4565547703040354
10.148877278286472, 1.4642044337154037
10.21667483023296, 1.4706965476706335
10.212449023997916, 1.472957715224581
10.268776703322239, 1.4782001095250052
10.259919894617022, 1.4779441357045764
10.276254256787974, 1.4819574320006446
10.356741226163964, 1.4898327733791854
10.334627788366445, 1.489335577070694
10.405795284659428, 1.4991684684934459
10.377317262184269, 1.4977962071348694
10.405683750113557, 1.5014657442104173
10.471659370413494, 1.5065682086976473
10.486353277904065, 1.5107764893195164
10.492626837395814, 1.5114685951989104
10.501179230241595, 1.5139682899301814
10.533101075757124, 1.5166700804261746
10.483462946925524, 1.5131134858645723
10.60278893724574, 1.5256473987920183
10.639656159412201, 1.5343667623108281
10.70149690940256, 1.5411271682579475
10.677681399329991, 1.5398472342774605
10.66935834198346, 1.5399472682783077
10.720880563322714, 1.543921452608732
10.69731878995297, 1.5422466935841506
10.707011529594123, 1.5429953991406657
10.687472707620898, 1.542551448628549
10.767274609917628, 1.5503849561738248
10.790726960492181, 1.5552815185263702
10.833577581440398, 1.5610155875843823
10.84172421425213, 1.5619801463187777
10.877601657894836, 1.5656218024937196
10.945062317271173, 1.5766378499505418
10.930857430911423, 1.575697327511918
10.928251002046006, 1.577087545771585
10.99543734276944, 1.586116215154778
10.957344144138563, 1.5842112046678913
11.085806671618574, 1.5936161587096747
11.020203209520627, 1.590586152226816
11.078180776560083, 1.5949405237447811
11.109905628071266, 1.5981806518268726
11.114072607104152, 1.6021120676849643
11.148284351336294, 1.6083955893433943
11.223856172436708, 1.614580863232793
11.224624990471264, 1.6160226125102017
11.209618076314115, 1.6172413645899786
11.304212708731486, 1.624796706517393
11.274448194517051, 1.6231937439366488
11.291766315061173, 1.627951917716528
11.359209554846418, 1.6340458378601452
11.367149720112808, 1.6349648230994696
11.380666650805827, 1.6371335572560008
11.368731527353814, 1.639280059586099
11.384897150084656, 1.6413787743572916
11.504073897569041, 1.654660540674242
11.603958501314562, 1.669025322471529
11.578323396573529, 1.6688016800236571
11.671719046376152, 1.6776174345185257
11.63097105367709, 1.6756869178801637
11.667911390070708, 1.6821805061702166
11.728604837944618, 1.6881162071974964
11.696995306209482, 1.6877982617985365
11.747860656761478, 1.6915880348940293
11.81190801870983, 1.6989392962460181
11.893765130549024, 1.7142629653098718
11.95823530257238, 1.720929498903363
12.011214270201599, 1.7292669530536209
12.00053207410446, 1.7299000835109046
12.092655021796626, 1.7400343340228197
12.126794534710974, 1.7459054420186204
12.186783856495113, 1.7540597894001975
12.224274028088706, 1.75727783423838
12.214226484110378, 1.7570475293831933
12.1795177145942, 1.7566804642304046
12.207326542447328, 1.7587162581877713
12.283661955266407, 1.7689876543684235
12.438302742012104, 1.788793536173503
12.449800374303447, 1.7899455307569223
12.455641598254866, 1.7945019278833563
12.557329148655837, 1.806150780666509
12.798056398358895, 1.84230044250564
12.875111605603353, 1.8485796944320132
12.963301801962704, 1.864551867688311
13.042138554968515, 1.876397851493743
13.219111218403135, 1.89542520101051
13.359266330927253, 1.9170765782630728
13.302425777587322, 1.9165018322758103
13.38692818773872, 1.9228596040315438
13.543895342374421, 1.948862599720309
13.93701624931858, 2.0026899800174647
14.005028008195167, 2.0086512551984237
20.274648407913233, 2.912780523380092
20.552042987168857, 2.9587188058490854
20.860604069586685, 2.997782746958353
21.042896637421304, 3.0231713871173627
21.16448968669126, 3.047306853159748
21.336665172983835, 3.0645294177391325
21.389851931425245, 3.0750844779244035
21.457752451227197, 3.088234695119403
21.74512751253164, 3.1214843526691505
21.604686479889423, 3.1115390042763735
21.7922504279902, 3.130798867787594
21.885697587995455, 3.140407635219238
21.934824350143092, 3.1560378426200453
22.069577156388632, 3.165938055357067
21.977769202875656, 3.160042738484825
21.88149112140835, 3.1549246386549123
22.149161486882786, 3.1816475809384626
22.136808585092286, 3.1811714605238572
22.34235211565576, 3.2111477103915265
22.39794627794259, 3.2160804207859073
22.378372306326607, 3.2171877619868816
22.30969300650127, 3.213968249514765
22.446628945260294, 3.225696270961298
22.491192203497132, 3.2316534706050426
22.43557921760125, 3.228078765424365
22.486326548782987, 3.232720288909121
22.469652763864065, 3.2343165741470647
22.477528176504, 3.23500894776124
22.57134703533929, 3.247151559283483
22.57888012693427, 3.248251100623678
22.549222410169726, 3.2480054365218214
22.627095412925303, 3.25429289591896
22.657365873240884, 3.2599824035393743
22.64161174967007, 3.2595170394013007
22.69835862867867, 3.2645371360776254
22.69121292263234, 3.267558664568444
22.758606053601124, 3.2750032161924425
22.809080372312383, 3.2786754036011345
22.674315157940843, 3.2692369872851135
22.651404444361606, 3.267750152422244
22.670768199982657, 3.2696367185720154
22.748342187880485, 3.2798923807445446
22.89911174057229, 3.2938752987502085
22.853320788103215, 3.2908986581182287
22.92211121744561, 3.2971657800271315
22.878226852886833, 3.2954120066460835
22.841133909826834, 3.2974344162761815
23.083600257791634, 3.320389308753997
23.09725053882304, 3.322819347512178
23.015261094423554, 3.3174590481787725
23.02699158575628, 3.318682550386094
23.137384178512598, 3.327673602996053
23.081495377590336, 3.325146175894302
23.14036291327291, 3.330391824345562
23.12808353080782, 3.32954718835178
23.08904519616154, 3.3271622631427977
23.13185929478746, 3.331014235252523
23.106250979650408, 3.3301132121874266
23.169623987376546, 3.3350650026601203
23.18342936267686, 3.3379769965869155
23.27091242098676, 3.3510494312453654
23.347353542259366, 3.3601872548309863
23.36439501281854, 3.363100193574371
23.351508217951807, 3.365440269538273
23.404314508017038, 3.3702471721108296
23.43410782048111, 3.374067754535659
23.507223597319232, 3.3808650086450953
23.42458774778376, 3.37692203638142
23.460450041439966, 3.3802111651735522
23.48744091426201, 3.3822084779275263
23.523991312262257, 3.385610645456736
23.52433226566789, 3.387057400289204
23.56758768341014, 3.3904726654629114
23.57740763642667, 3.3956333971579022
23.651239186568503, 3.402050164296182
23.651418110687782, 3.4034761734348784
23.603678881603184, 3.401788529448151
23.638062191307014, 3.405787500666637
23.639020514961224, 3.4059371960173968
23.68382960018454, 3.409544539612077
23.6602458589604, 3.4089867281461395
23.6329340954071, 3.4088589869973385
23.83168585402862, 3.429878603332539
23.82821958968526, 3.430344075525067
23.858187673346592, 3.434177567546981
23.824957024893298, 3.433679351028074
23.967629737782048, 3.452329384428139
24.078895268465693, 3.4635549738209104
23.95856995172455, 3.4567994833872318
24.044580252655237, 3.4648427156589134
24.036915583231377, 3.4671378091770455
24.088116107586842, 3.472089742653073
24.049291058351443, 3.471857086182557
24.06382483302958, 3.4729607139776437
24.174088426084932, 3.481089703270497
24.13521169702878, 3.4788766811766747
24.168279755258677, 3.4831518577916176
24.067481854348607, 3.4779297199163572
24.195257978068295, 3.487531443033842
24.276370054551105, 3.49727005572265
24.321595565831593, 3.5023209045704817
24.307045805676978, 3.5026687332132456
24.342483428229272, 3.5053441779776584
24.39058757547259, 3.517148058733299
24.39808254968462, 3.5177483254887187
24.368627030440845, 3.516958748250012
24.4009124343333, 3.519632497421612
24.626378315864002, 3.5389038287261716
24.44099305286276, 3.5264126719375755
24.428732060090834, 3.52563768613412
24.645129995377587, 3.544031877607887
24.49162085542888, 3.5357139921976177
24.622791157441874, 3.5461818759038506
24.55721897156221, 3.5421816724077937
24.587768627434517, 3.5446056750463573
24.555394669036627, 3.5424018877167835
24.58992943009271, 3.5449122201635763
24.593385793935965, 3.545892684996554
24.564978479665896, 3.5457928271858874
24.614299497541737, 3.549412597165751
24.652035791414097, 3.5548472158232665
24.67238755446493, 3.5567940004941656
24.70159796551721, 3.5610100779240783
24.81570136769279, 3.5734757333318656
24.774032953055716, 3.5729321370224927
24.857990316662512, 3.5800457946896698
24.813384957941043, 3.5776194634539804
24.80296616942853, 3.5781321675257516
24.82367017051855, 3.581614923193319
24.830746696884574, 3.583649827380766
24.908141816114153, 3.5927924006974266
24.92081910514897, 3.596648573531569
24.981545474923102, 3.6013681675557274
24.849971350558825, 3.5930575791592423
24.893394444604592, 3.5972720899530986
24.97166181987058, 3.6034700449702406
25.047243143355722, 3.610837041878332
24.968263077492054, 3.6055286586821467
24.97745250896682, 3.6068587681823727
25.036327006208595, 3.6133216587814543
25.011982819255927, 3.61236340200203
25.053393013953304, 3.6188484908522174
25.17102658500419, 3.6281652428776168
25.196963653829446, 3.634459000222492
25.298075892083695, 3.643415876564098
25.27088702364164, 3.645107469309405
25.217509784236718, 3.641518707990974
25.15204410897254, 3.638291877971098
25.29398792542948, 3.6489552466183817
25.400892196934628, 3.662312856229133
25.39773611919863, 3.662890874233198
25.435506172502357, 3.666278615227691
25.442858585218037, 3.666839650192082
25.46966119070887, 3.6732751267336816
25.5056856887869, 3.677944234530073
25.475376163482974, 3.676168448058485
25.52601857016066, 3.6808829560882206
25.43355959381851, 3.6748060720666853
25.42562579133709, 3.675248261084292
25.49874933033255, 3.6805650186801087
25.457792815382767, 3.677783939106276
25.544052321484468, 3.6844980226808355
25.57452648584769, 3.690986728951282
25.64054974943192, 3.6974000385175554
25.630696623777016, 3.697527305816113
25.745092205333137, 3.7098733887100988
25.706467738040647, 3.70742687596403
25.677420285333795, 3.709512237726633
25.722653141095563, 3.712884700546608
25.763996716598, 3.7162386463573682
25.620317312193304, 3.7060236917125478
25.768113535620557, 3.718927393843172
25.75146006713315, 3.7181021933824754
25.78144041170198, 3.722422317666596
25.864563447588292, 3.730737083180262
25.79054137492763, 3.728506458680134
25.84166998991178, 3.7332486637449236
25.918271881322344, 3.739536117255935
25.83583325902094, 3.735054186589548
26.066365959118023, 3.7556406481725553
25.923575188270153, 3.7455968448464594
25.901902369376188, 3.744077849351668
26.037780323766793, 3.754148340030774
25.85213406491741, 3.7411664506113818
25.976481881227546, 3.7516509607098403
25.969276541319275, 3.7511394371507167
26.104091458847442, 3.7626408743209634
26.129907655938478, 3.7695454974278464
26.156318000267316, 3.7733490265654845
26.10789653049919, 3.7711613772949004
26.18712335897018, 3.778857097817898
26.311684351441755, 3.79790515233144
26.530192096310667, 3.8289087835606495
26.512426283606406, 3.829577234682244
26.484357188486374, 3.828271559732115
26.606488761559678, 3.8393791975330105
26.580724417173936, 3.842188035380718
26.65419373507637, 3.8478915068733555
26.74779177286452, 3.855974941319591
26.646273885981575, 3.8538754223521865
26.74827003260186, 3.8641980240328495
26.84984410766539, 3.877220471743197
26.829396691188585, 3.875916131159662
26.8188689306719, 3.876624294972504
26.965282206574894, 3.890595112292905
27.03903737691746, 3.898496482399927
26.94133858760898, 3.8920994587387536
26.9319219618489, 3.8968572946791324
26.94265410528316, 3.8978587646456164
27.06000480209576, 3.9075743959407427
26.994031284720506, 3.906403631225377
27.097329522308133, 3.9151884539980886
27.13226670594737, 3.9202368181161695
27.130986507332352, 3.9217340196885475
27.126768303666196, 3.922802592645513
27.23011044777033, 3.9349299554814365
27.330193110871537, 3.943797634664943
27.1876087974374, 3.933850755267607
27.194820983962124, 3.9360382536934386
27.372638464447174, 3.9499283399879515
27.225741252520777, 3.93994501933427
27.491974160797458, 3.967126010142638
27.357979407339084, 3.960223745327842
27.461143539320265, 3.969448291903861
27.481785706786106, 3.971292031889095
27.445764401160133, 3.9694755694488677
27.548427581055886, 3.9809246067567505
27.561358740724753, 3.983920017188396
27.572041965206687, 3.9854733664319264
27.849935072190647, 4.018789219921808
27.823519586761737, 4.02068162564607
27.86073454417182, 4.024902272465138
28.086172629020474, 4.050030100930428
27.900926460241934, 4.04056251986086
27.969073090004155, 4.051004989471247
28.077770505992934, 4.060312949054294
28.007403364623215, 4.06130469439933
28.088783667294155, 4.067753223333305
28.17374030615162, 4.0741954704377115
28.208180859122788, 4.078589048365289
28.20045639289358, 4.078061402009158
28.24543475875548, 4.086315547127414
28.20633603586983, 4.0835969713777205
28.24952153433311, 4.089859451804623
28.282306925763454, 4.093411751542179
28.392585233146004, 4.102902171643392
28.275834389217934, 4.098427646650171
28.428532707194545, 4.1110252230895545
28.577114639434548, 4.124299402446043
28.452258799996184, 4.116828759770274
28.513655542239594, 4.125114326864858
28.577261199702015, 4.13373265070347
28.639662568498018, 4.1385994469469995
28.60265390005714, 4.1368108494583895
28.700935336424347, 4.147463519906673
28.594308682945343, 4.145154534404091
28.678006918145122, 4.151892695954671
28.719967930524227, 4.154964800064002
28.674047652954222, 4.151911495600569
28.835782796219043, 4.166362343648373
28.831144479401665, 4.171049493916896
28.909689799446447, 4.181803595313491
28.87204290470901, 4.181170548741655
28.831911564118645, 4.1796411750160285
28.955052155834437, 4.191395337121864
29.002149456446833, 4.196983724239615
28.901983623188386, 4.1928629251112515
29.14318266735645, 4.215582884003957
29.131175737806604, 4.215656420455886
29.13718858823639, 4.216536740866976
29.167482824932716, 4.2258135296586286
29.292537060751204, 4.237183150420645
29.25948941882114, 4.2385247036865925
29.451188685216845, 4.25284906024004
29.32855621918966, 4.24422518408291
29.28332062696182, 4.241988682879034
29.336480828497955, 4.246605004061044
29.413424114578767, 4.25835951728093
29.46133235147545, 4.262217901509786
29.373999962695986, 4.2569596902940905
29.533377444027494, 4.276306332400661
29.57284108284934, 4.286407942854337
29.582861853077844, 4.287246023604143
29.66205693437093, 4.294351603662509
29.673857456282867, 4.298552359158416
29.75775122383054, 4.310702287898771
29.900284266233726, 4.325686289824244
29.90763895901626, 4.3274024491310765
29.900452562992527, 4.333885337474703
30.087318041752475, 4.354018564380901
30.05098736324132, 4.35318204445478
30.101101839168933, 4.358542667703988
30.11959595957514, 4.360580438317842
29.95261699436922, 4.349136358059433
30.051909375775566, 4.356477609555138
30.191291597774523, 4.367807450252603
30.107150748098324, 4.361937078310147
30.119632980479626, 4.363116243398948
30.21048994859576, 4.375022983533747
30.23981465554515, 4.377333140092198
30.2048654534688, 4.379275553470531
30.230995721993775, 4.383083908203089
30.216297977948088, 4.3835233677353065
30.23516295323062, 4.3862551115314
30.336021584527053, 4.399567004731628
30.396163382195166, 4.404454850597263
30.43319324954323, 4.407271143856761
30.4217915345043, 4.410761820390556
30.547645492735878, 4.421918415829997
30.495013680958916, 4.425238209427109
30.65071762176816, 4.4368042528360325
30.694641260042193, 4.441247992305699
30.584040675662084, 4.4355522309839275
30.784691970447785, 4.454927322003252
30.694560057841613, 4.450296085405374
30.65871575098898, 4.448978414865469
30.708657360252566, 4.453619717073136
30.87581230068726, 4.475919956524761
30.922142480259392, 4.485256451911927
31.032635224498566, 4.499299679240762
31.11147795332395, 4.508708074026095
31.20178257411866, 4.520532098584297
31.057558984159527, 4.5108625554962085
31.260185873542927, 4.527014516441645
31.18799662418587, 4.525153435486115
31.31771331060419, 4.537986311339159
31.357068970706724, 4.5436835421065
31.26362843219322, 4.538796044313975
31.38454303913574, 4.5516355570159135
31.36396939771234, 4.553990660370177
31.49096886512559, 4.56442716736257
31.499264640496897, 4.566917753089085
31.47462197154548, 4.56741005342669
31.609706982765093, 4.579625005847731
31.59903959902328, 4.580710901403188
31.568685617922828, 4.5803810938201535
31.473351958057886, 4.573963610174016
31.592799820081837, 4.586591085498437
31.649839659515766, 4.590785054514745
31.66176781742447, 4.595230865589761
31.691071746983404, 4.603522590299669
31.740273660816158, 4.608585181486486
31.836828936650583, 4.6165213908732445
31.81331843327009, 4.620657246007315
31.864295010238404, 4.624601941059387
31.785232609848165, 4.624065040086231
31.945267321817354, 4.637061486871567
31.898202722292943, 4.63432238495854
31.988273098338187, 4.64124532507977
31.97530950062306, 4.6407354174111655
32.036339860263126, 4.649604029668308
32.08522387428093, 4.653874058098945
32.105426702064676, 4.655532747439608
31.965160019425074, 4.646769248436746
32.122835233856314, 4.660006742003302
32.101724453402255, 4.65975571305756
32.28664897624612, 4.674311090336089
32.117678475441274, 4.662087043192235
32.13201157148272, 4.664873332130901
32.117170090062224, 4.664798981293927
32.12657708138115, 4.670262478342686
32.23619279204547, 4.678594016972936
32.27408630133216, 4.6841119049709645
32.4095456195914, 4.697554965720145
32.3971361992293, 4.699186636939745
32.41081995079001, 4.700488878330244
32.311411355638846, 4.693682524983049
32.486098582401205, 4.708654352687549
32.53924223348693, 4.712915023714823
32.30862278796425, 4.697336550056132
32.3578823227549, 4.701812624754342
32.470515639598446, 4.711219789930891
32.51112401066247, 4.715011469840215
32.44684240530376, 4.711951813684305
32.52593184797571, 4.720598237638393
32.5855620090725, 4.726528375453045
32.54290451545518, 4.724522316768609
32.47427416985626, 4.720105501421076
32.435062790505604, 4.719259589696649
32.632025456071894, 4.733943208385544
32.70479736565512, 4.744507431098126
32.69935151917137, 4.745078668656306
32.678845797217456, 4.744183408966684
32.68466276807272, 4.745727896339724
32.63109542075237, 4.742883527692767
32.68887131890892, 4.749143067915293
32.71786725320592, 4.752029171891847
32.67180104075716, 4.751009899227281
32.767366295386076, 4.760601145602125
32.740687137938785, 4.760935914537005
32.86629277369232, 4.774216627571117
32.822906017256564, 4.772212041621373
32.77021554708588, 4.768852171161508
32.87477597283538, 4.781893599208746
33.03343772976428, 4.798473395350371
33.07360792784022, 4.80370346791128
33.05222539421787, 4.803323973059601
33.02925181841709, 4.80366955454184
33.0688941781483, 4.807971860860169
33.17213001819143, 4.815855735855401
33.0410042618361, 4.806715251181492
33.20641020031014, 4.821515404212097
33.1463297522332, 4.8177399015912465
33.177364631079634, 4.821604816236011
33.099085908328576, 4.818011463557867
33.215403601472765, 4.828594163038133
32.978873074964504, 4.811517472468549
33.05271592969234, 4.817174994644728
33.19609936247087, 4.828587309625029
33.33372583160844, 4.839944187576528
33.18431773012125, 4.82973743230098
33.26873579548254, 4.836264561301797
33.20864351244646, 4.831919167407774
33.267505366575655, 4.83899494806012
33.30270091838593, 4.841879377319953
33.2124119589476, 4.83604717704394
33.32984790118923, 4.845905675039736
33.27484194572292, 4.842251680939033
33.385196224070526, 4.850292299858123
33.394177219958976, 4.850949971664941
33.435992556133876, 4.854835034373492
33.31958210778839, 4.846562271529142
33.34687684859082, 4.84908012176026
33.43160196733951, 4.855666971087673
33.365677868350225, 4.85106981706308
33.354871444574485, 4.850338747814071
33.33905273685006, 4.849400549519777
33.3951166413945, 4.853974581945974
33.23908551869909, 4.84284167902395
33.30090717064193, 4.848265146075789
33.37680508249429, 4.854094324960265
33.2963146132509, 4.848241538045561
33.39065864470807, 4.855502976910772
33.29492433126323, 4.848702471949117
33.22947552529557, 4.844331225685845
33.24164757751208, 4.845354090445901
33.30710946557265, 4.850501410730621
33.49318564707055, 4.864589648239323
33.47761580356208, 4.863766372983848
33.26911435431759, 4.848634085034981
33.329489789745104, 4.853082192797277
33.36026510677238, 4.855369330963477
33.37648191265058, 4.85698972645703
33.34421789211524, 4.8552785587409915
33.297733797062506, 4.85216651204577
33.44192235929963, 4.862897097995493
33.29284888387775, 4.85278513492003
33.49128702880943, 4.867861976744898
33.33129437138587, 4.856320304338541
33.3982534959413, 4.862410756212052
33.4591541500028, 4.867571858286956
33.49654892967177, 4.870878707385013
33.2653944558746, 4.854090284295391
33.389769313813176, 4.863367832322851
33.394267549598425, 4.863952822956061
33.34692493006058, 4.860775760859825
33.34169718531352, 4.860691746265215
33.56416924078391, 4.877088153019217
33.41688837940239, 4.86650910643634
33.3273862325519, 4.860841023346094
33.498898478937505, 4.87333872873054
33.504903372646375, 4.874177899036766
33.55477579854941, 4.878543631111604
33.45628204832594, 4.8714665967483946
33.61099813228767, 4.88313087271657
33.616119856769735, 4.883866149493931
33.39987345330036, 4.868466364952082
33.420974909477444, 4.870078965207531
33.61087473130437, 4.88460992935906
33.51682056929266, 4.878872802746789
33.600309313104525, 4.885226512442544
33.632238080446086, 4.887665537458747
33.57263641883613, 4.8834020697465
33.662103551372, 4.891271969516883
33.63512363253771, 4.889542951728158
33.58766825813092, 4.886311630230937
33.5900676928781, 4.886637192848073
33.61084195437649, 4.888205947205019
33.594475851762276, 4.887250188394458
33.595218155797156, 4.888125747102469
33.65324715466869, 4.892882474829318
33.359333282018326, 4.87157525203578
33.60891113301381, 4.890808418117316
33.59892888369563, 4.891473597361788
33.648924485432836, 4.895120206628023
33.50847511349436, 4.887336884747732
33.60221802141664, 4.894296236165176
33.69251484442142, 4.90152660464963
33.46224561766607, 4.885697753715316
33.67555170477003, 4.901340808957537
33.60724109900709, 4.896391281577765
33.61853762463185, 4.897385483963219
33.64224138771342, 4.899404623584937
33.62276012974492, 4.8995152017374695
33.4704867117919, 4.888482527531452
33.702216876614685, 4.905856698439723
33.650554097653206, 4.902742272467037
33.6956208132259, 4.906339309271576
33.64552390867258, 4.903522323584359
33.64363062996571, 4.904744056447933
33.68517717513311, 4.908527103199944
33.71377344267708, 4.911194476452307
33.65492254467052, 4.907132073957607
33.84243003583781, 4.921914842457619
33.65786750504972, 4.909058918283342
33.65177078599767, 4.9120078410160035
33.690185998046395, 4.916838575640876
33.72722500655456, 4.919892297100736
33.66027846152783, 4.915333939106207
33.879668328911606, 4.931680859425136
33.7730924799123, 4.924349349481074
33.63543996491401, 4.917760072298846
33.7631600883706, 4.9274120828378205
33.83957818612358, 4.935562188792592
33.561738218497624, 4.915507745393987
33.74578034220858, 4.929438748267809
33.85576725445014, 4.938731695773717
34.05056021479851, 4.967886249730442
34.06240223619156, 4.976425958652239
34.23625947330683, 5.002663449943869