1.030713963508092, 0.15
1.029916864253129, 0.15
1.0286563950396854, 0.15
1.0285321576507336, 0.15
1.0282442603688466, 0.15
1.0282284102763442, 0.15
1.0282242631836658, 0.15
1.0281972207346992, 0.15
1.0280644801486638, 0.15
1.0275924971244725, 0.15
1.0274163181271248, 0.15
1.0271388296823907, 0.15
1.0270078891174947, 0.15
1.026966370178356, 0.15
1.0267608175065688, 0.15
1.026661370884747, 0.15
1.0266099379821068, 0.15
1.0258674631579476, 0.15
1.0257059051946145, 0.15
1.0255295273552676, 0.15
1.0255168226926683, 0.15
1.0253838430968016, 0.15
1.0253735120698764, 0.15
1.0252471406116466, 0.15
1.025206553510034, 0.15
1.0251888794837418, 0.15
1.0250311000140429, 0.15
1.0247618574020703, 0.15
1.02475272365945, 0.15
1.0247415730267821, 0.15
1.0247349593653954, 0.15
1.0245747080564263, 0.15
1.0244106936640598, 0.15
1.0243939344631718, 0.15
1.0242805463492852, 0.15
1.0242717075036938, 0.15
1.0242691743213885, 0.15
1.0242648744365284, 0.15
1.0242618365307685, 0.15
1.0242612739348658, 0.15
1.0240938785786118, 0.15
1.0240834780366124, 0.15
1.0239999701550797, 0.15
1.0239241456889372, 0.15
1.0237871151016777, 0.15
1.023480116851556, 0.15
1.023317318550656, 0.15
1.0230927346486753, 0.15
1.0230146903133852, 0.15
1.021874273785711, 0.15
1.0218484286227358, 0.15
1.0216938080428106, 0.15
1.0216546842618648, 0.15
1.021560772866486, 0.15
1.02152829787321, 0.15
1.021353907515769, 0.15
1.021336629025731, 0.15
1.0208344824088187, 0.15
1.0207271996061282, 0.15
1.0204466612046013, 0.15
1.0202350754502072, 0.15
1.0201896250877487, 0.15
1.020018532227135, 0.15
1.0198781551739866, 0.15
1.019705143168562, 0.15
1.0188889956093354, 0.15
1.018701225732616, 0.15
1.0177503859933792, 0.15
1.038870795995781, 0.15162259173560333
1.0162631985373418, 0.15
1.0160668889225886, 0.15
1.016015794771848, 0.15
1.0326091388433094, 0.15172813444706712
1.0414062422642905, 0.1530247643213416
1.0591367605209838, 0.15522790966661137
1.0592208740085844, 0.15531276528286053
1.0711731858268159, 0.15640902798381084
1.080707158581374, 0.15775209416776725
1.0760741118956978, 0.15800881999048322
1.0888335583688447, 0.15985874576508063
1.0943995634366563, 0.160344679015048
1.1215714505941123, 0.16469574778928564
1.1268834967883503, 0.16555573260536516
1.1341350384146869, 0.16640898940494075
1.1793088914785472, 0.17300191020772004
1.1974799009765151, 0.1745105030148002
1.1815726324960132, 0.17365072548231097
1.1968571625982625, 0.17511035845400968
1.2306528964612986, 0.17996870667481613
1.2525932226833754, 0.18273398384079087
1.2834379962642601, 0.18667167583816635
1.280770835956637, 0.187656519887625
1.2880413977388065, 0.18830646549451924
1.320236439315941, 0.19274842159990246
1.320615680084369, 0.19313700901862063
1.3316118487122028, 0.19438312420837978
1.3584037665371334, 0.197962211221288
1.4074921838361802, 0.20561212554977715
1.441974428522613, 0.21023735085850692
1.4437339398656686, 0.21084435682388314
1.4511773164369082, 0.2126245189333913
1.4835144844174895, 0.2171531753688365
1.482868542531637, 0.21735923753894593
1.517106601656356, 0.2217962188507876
1.6235206585686703, 0.23666133417245483
1.6550605736842203, 0.2407592342930691
1.6923831943695922, 0.24663649391155218
1.7130251776873322, 0.2497582398960212
1.7764006320689187, 0.2598332698368626
1.8037112761094731, 0.26282039649577094
1.8023781994292014, 0.26273814142293617
1.8701146056634195, 0.2727770511412846
1.8954217115495264, 0.2755970102616372
1.854151335183702, 0.2727070648758705
1.9538001844547497, 0.2847718123406011
1.9994585885645682, 0.2915608786728745
2.028893235805504, 0.29643491619233675
2.0590745913168083, 0.30016327988774005
2.25218767085465, 0.3289576614859584
2.2791143992433773, 0.3317372650099264
2.2733745483892314, 0.332107288430568
2.301965100324117, 0.33597751320803937
2.3220720087518156, 0.33891602927129494
2.3585410749295876, 0.3442277012073607
2.48130382066263, 0.362030650319503
2.4920444090433125, 0.3638269769112483
2.4881531309625395, 0.3636982623211198
2.5419092050505916, 0.3704935803147196
2.6176259226598257, 0.3826341509672142
2.6730488505650705, 0.38907763991452615
2.7024692646600497, 0.3947899276456406
2.799066685716105, 0.4084670772879644
2.9160697107275046, 0.4252221692672835
2.9629604958872253, 0.4311461622378969
3.012742096042747, 0.43813182455963595
3.090992180232233, 0.45107015120684757
3.129390314358842, 0.4557787346603197
3.179192595349965, 0.46373377822078776
3.2079560180308206, 0.46602982986941477
3.3328061278477374, 0.4860588093112055
3.4365616200666, 0.498942261282707
3.507322324267326, 0.5104308332479706
3.544230966146755, 0.5155660441615977
3.602010177973887, 0.5231216417471245
3.593758828576625, 0.5226154923177955
3.5952451775273895, 0.5230607316106299
3.6138768099404808, 0.5264991841671911
3.6567310488089513, 0.530992472578447
3.690490646440957, 0.536933620718905
3.718044951280673, 0.5406195832415506
3.703514689464683, 0.5398078061360945
3.720768989021862, 0.541820032012879
3.845689642180581, 0.5600160601058706
3.976642603181649, 0.5791733085345312
3.9964705000533582, 0.5806631777273701
4.019647961115936, 0.5835929471352479
3.979810472778045, 0.5809496578567668
4.168484373193845, 0.6056570192951742
4.407248607074836, 0.6418750944650702
4.4405559437332, 0.6468273453514222
4.598247929564466, 0.6688998091468417
4.5971095292052135, 0.6697331292705826
4.707408161934454, 0.6841507934555695
4.904530334987099, 0.7117560551488937
4.943658516239546, 0.7173364629861139
5.012324865720031, 0.7274012429478631
5.085969305566897, 0.7390719070445844
5.105498419407875, 0.7424674854934192
5.124428675291118, 0.7445507725512828
5.127196910293124, 0.7470678484361875
5.180715735944059, 0.7515113682346097
5.325888568243838, 0.7734724636278028
5.353537015705084, 0.7778403582649345
5.328388296737987, 0.7761620290925402
5.4565320894953215, 0.7955618285169868
5.561724543468198, 0.8088159186147585
5.572205172886568, 0.8099717824727009
5.581006091336903, 0.812229506965874
5.6102705125182615, 0.8153927770140301
5.783389164811227, 0.8411820251253204
5.829164351793042, 0.8457063240989164
5.8260040912884135, 0.8478783332925914
5.885523800638221, 0.8551263526463408
6.02645666209511, 0.8756137073328523
6.094524883868257, 0.8842103329509232
6.170814739739008, 0.8951450914334673
6.215109345628677, 0.9030313922352899
6.23625251050857, 0.9050258803633175
6.244117353100391, 0.9060183580796437
6.382302755994231, 0.9250089528935517
6.411545687371797, 0.9308700158313892
6.6194800567969905, 0.961771247255661
6.6715095399734325, 0.9681912151001564
6.831646796906734, 0.9910004119148912
6.836121287951806, 0.9922253135415531
6.88029155529912, 0.999976549493689
6.938721556284405, 1.0062453642622797
6.968449215467513, 1.0090869991807843
7.004596807492233, 1.0152004837047173
7.193207145590682, 1.0439113664013178
7.503382600339233, 1.0918521648432682
7.624504495122687, 1.1050429718535586
7.7720408183637915, 1.1269300718582498
7.787364332618565, 1.1286644590833506
7.820421377843668, 1.132941686891094
7.855441775284413, 1.1368694146277685
8.069627498923117, 1.1687180867641
8.053927053890883, 1.1684765397692747
8.188704022573754, 1.1864666550060203
8.221657540116482, 1.1942214009469492
8.251600766094244, 1.197494685850871
8.287932111145139, 1.2006792290868828
8.274151152813204, 1.2004177708856671
8.30180631216869, 1.2035652389914908
8.356969056982777, 1.2089407997263306
8.372616040263134, 1.2124184018339772
8.493316844106857, 1.230249965819186
8.492228629842835, 1.234819540254506
8.61218487028141, 1.2449640694608215
8.792542284961698, 1.2719511003840616
8.92633339473074, 1.2914894286488003
8.92341229254269, 1.2918063092583703
9.122309210412839, 1.3187193969975501
9.098945852453603, 1.3177935050566525
9.128978926652632, 1.321942760537354
9.220551652552595, 1.3351829221828986
9.274535755625296, 1.3451759103286953
9.32722688237297, 1.3502682838489966
9.696687685545715, 1.401942775793155
9.737302542050996, 1.4084244382661337
9.826720127319371, 1.4199242001548873
9.899668576342282, 1.4333518402477035
9.990446874018511, 1.4446146132854336
10.184781385351823, 1.4729289416364333
10.365213029707594, 1.4973200162278237
10.328949019551848, 1.4952927780761094
10.379300823741055, 1.500205120501377
10.540440607246296, 1.527222745144237
10.655168797096081, 1.5363877883496713
10.641101216956939, 1.5373868394145074
10.55058031604827, 1.532039899729896
10.612012545418978, 1.5380442798273402
10.630973484106773, 1.5425906207507083
10.72896525578073, 1.5529517344420434
10.83838621444786, 1.5647999460576756
10.843782104224227, 1.5668982591529694
10.940570055897691, 1.5795178446429219
11.004963592159694, 1.5875080897646399
11.079892662471357, 1.5976514867179503
11.153294133663696, 1.6075405747635951
11.078471800098667, 1.602407841533318
11.177078061164398, 1.6141729583214204
11.10409065690466, 1.6114800743990303
11.221821538901308, 1.6217517776205614
11.197207494388504, 1.6205046725502603
11.269868684842887, 1.626845487335844
11.24877840227654, 1.6261211554535215
11.477040762200422, 1.655360434730409
11.441581464945623, 1.6542110420045608
11.482550622168413, 1.6613338422119233
11.450597321601814, 1.659094103258532
11.578794464250382, 1.6723977175174625
11.599829347124883, 1.6761476187206075
11.634918146317204, 1.6841142650631307
11.86083655823749, 1.7124112901480952
11.931786659373582, 1.7197628363016042
11.81478658670858, 1.7113918954871048
11.868790961250099, 1.7157348888159278
12.013670637982026, 1.731316436673671
12.043730527971872, 1.7417809588158972
12.208316333833311, 1.7584227636671512
12.223718111775414, 1.7630804180308646
12.251649602069858, 1.770605857476415
12.291884128568038, 1.7759072345275078
12.323176022238666, 1.7801628035700867
12.418022367661571, 1.7954079876027995
12.51749473604845, 1.8079805019620787
12.618316167407029, 1.8192174101217073
12.634956052835237, 1.8218673220387043
12.651592975742654, 1.825053556445213
12.702666466241999, 1.8293865607001703
12.556083800276426, 1.8190316477708057
12.659907185888034, 1.8277896236388207
12.742887860283638, 1.840551767068277
12.676802291093612, 1.8394612909599877
12.882111115662134, 1.855211532430272
12.856348191716155, 1.856150940942367
12.978378996731392, 1.8657123817348387
12.960157679010802, 1.865147125478459
12.932471454644313, 1.8671513205489543
12.975753177579922, 1.870759776036488
12.953713202712207, 1.8701959264792434
13.078329349852341, 1.8806115546787305
13.015403816520406, 1.8767298238862073
13.074973425038358, 1.8840112267402187
13.2711691888356, 1.9106994275657652
13.237151125994993, 1.9087131148217384
13.351376053531764, 1.9198646004152247
13.272043178911114, 1.917239117927572
13.258878938322466, 1.9169680949071326
13.314467385581578, 1.9244725348130087
13.497928346059537, 1.942001028465099
13.419904371795257, 1.9402634656483198
13.504089175869531, 1.9491161624511655
13.551448904170234, 1.9532194722989749
13.589605747027946, 1.9576465957779954
13.519839133714324, 1.953062987289389
13.542201784784925, 1.9599100220929078
13.693544028848317, 1.9737019829426554
13.822952586774887, 1.987409475553874
13.834368896045945, 1.9976443264443766
13.994955810030925, 2.0124149747303726
13.913671596366767, 2.0073988661234354
14.130871827821316, 2.0278360579395427
13.985773176047568, 2.018351009678341
14.013886385092341, 2.020740149440212
14.170053751475491, 2.0337538113006293
14.17281821113359, 2.0374343032731623
14.182698640476628, 2.038321772693714
14.150229409481044, 2.037813407699196
14.219028493850463, 2.043531117988227
14.22169929661722, 2.045578083798416
14.378347920660142, 2.063636406035898
14.557927055547438, 2.08384710769546
14.375520134443466, 2.072880091376592
14.446081764403203, 2.0827213361028267
14.366156579245109, 2.077684314010262
14.5314365674414, 2.0904140652191616
14.572234862124581, 2.0945873921618485
14.523453059805007, 2.0933182548178264
14.660187757512682, 2.1035322085473744
14.597640959611041, 2.099672598386779
14.640806251941273, 2.1073208913629404
14.703939120413969, 2.1140865679911425
14.870356961097038, 2.129410434526293
14.795860353709042, 2.1247022810237848
14.859768080980775, 2.130453595817661
14.812646886918985, 2.1276691205837306
14.768108916478512, 2.1256307259696383
14.8014705814586, 2.1324960011260012
14.93925061629058, 2.142689128049695
14.85828997057715, 2.1398282277131786
15.059240910104315, 2.1550531018303243
14.869154669307717, 2.1434723757939
14.97624426455695, 2.152371152683168
15.03137624999385, 2.156793511519064
14.938033235987486, 2.15099919864707
14.896119644105337, 2.149420880233377
14.908090251701154, 2.15085871862581
14.971412693667288, 2.155510037797157
15.029617214493967, 2.1606103459153703
15.164881531678732, 2.1733293753683336
15.141728227592308, 2.1744066749087887
15.223513243797465, 2.180838235214493
15.193717993482963, 2.17980275097192
15.235687556576751, 2.1849258338900768
15.342577655972704, 2.1930121122239843
15.248663944367264, 2.1906087193039747
15.394907302123016, 2.2019275832013907
15.256366040522508, 2.1959244472843453
15.412462559682334, 2.2114691988037105
15.412804188614805, 2.2122694624866
15.444026294335135, 2.2157094273395916
15.516198293518647, 2.2236702452797052
15.661550792935467, 2.235433736887753
15.425112538935451, 2.2186952472575117
15.493957627703352, 2.2251146712895364
15.487927267658653, 2.2258842894374853
15.648026619786874, 2.2413561315320534
15.5904737031678, 2.23759525966877
15.589341764758982, 2.2386769021224673
15.718932010591015, 2.2487227876565585
15.715737390302941, 2.2507900276703063
15.626678684239305, 2.244639715819674
15.801811490491897, 2.257636358964672
15.623363942033484, 2.245051113378591
15.710575838472689, 2.251521597608259
15.562182566671591, 2.241490069947578
15.74373536211746, 2.255097863516169
15.71102555786571, 2.254628821784932
15.803096491754243, 2.261494886245961
15.63870906926043, 2.251271173097056
15.71342184173032, 2.2573706103570856
15.789327745519946, 2.2634113230652364
15.795423048880304, 2.2648865572247834
15.785691657169373, 2.265322304069075
15.736714822506228, 2.2619500815436933
15.940052838619884, 2.2778257229606202
15.68073946277082, 2.259786547609173
15.665473759040463, 2.2591838333979775
15.783308799059094, 2.269588992281135
15.970103006213396, 2.284219080331349
15.876307271395618, 2.27756709543943
15.936160920329073, 2.283854855826526
15.913448454694976, 2.282407230626453
15.854872180345833, 2.2789400632089363
15.781021896724056, 2.274877609870183
15.997209924528303, 2.2938498754949688
15.809497494458782, 2.2812272109084564
16.0558639231828, 2.3001122396949247
15.986497523878011, 2.2953832005639363
15.987187454254842, 2.295462886683932
16.034970964219834, 2.2992548945719893
15.99392009701302, 2.301445808515723
16.161379027616448, 2.313684568701855
16.050134810704378, 2.3057503897135767
16.048516466401765, 2.3071031390793584
16.11345055053648, 2.31328629742769
16.072518295353614, 2.3105245583287504
16.073676842421758, 2.3113240528716776
16.171227932860543, 2.318781286701501
16.275228724970216, 2.326948405087834
16.213448823190163, 2.32299613913582
16.085732755388786, 2.3151388871248724
16.201244966431837, 2.3237090602872623
16.076017985639478, 2.314870440414696
16.24771748397935, 2.327898553390515
16.477496389491407, 2.345196731366892
16.32384346963209, 2.33541372272267
16.307275292559517, 2.334574163202534
16.325408188297825, 2.340424728631154
16.27440789512284, 2.3373478963850403
16.35022076610064, 2.342881873137621
16.48454950578534, 2.3559415784366333
16.22982360222009, 2.3376734806816346
16.32495405962873, 2.344900018192293
16.27738631854411, 2.341942266814523
16.574011636397874, 2.365360195242423
16.398946360353793, 2.3538215553894037
16.375032103391817, 2.3538690697214415
16.40400816880492, 2.356915598222522
16.492135881414455, 2.3638639936880157
16.467250702125444, 2.362506553388255
16.567692017102143, 2.3704585386270383
16.42772845106375, 2.3606680824203963
16.52291187954511, 2.367636296678226
16.47802661108967, 2.364537389106953
16.633246678723797, 2.3828057115425842
16.70420731143103, 2.3884456136815757
16.663246930172015, 2.3877238106252374
16.60849148844421, 2.3839008031940256
16.73723763001824, 2.3932894262268967
16.61566168631655, 2.3847530174657505
16.473598218876045, 2.3757395509689854
16.737871186473154, 2.3978119656591623
16.774573987260176, 2.4016408220082486
16.853210742364826, 2.408490141759998
16.686033262622008, 2.399710749499784
16.89926677305017, 2.4158435520553168
16.93092740129014, 2.418497093084717
16.902460101977248, 2.4167841999932893
16.88997908755555, 2.4169121825117923
16.887804799717344, 2.418017209076604
17.031666156010203, 2.4309689347732677
16.928393392871072, 2.424155062762705
16.862344461392826, 2.419861584808123
16.972479057970013, 2.4301331366891477
17.050575502116512, 2.4365156663819665
16.941104729648607, 2.430480235717125
16.974864549889798, 2.4343178038292494
17.00477075043817, 2.439960266730643
16.869879215544643, 2.4305275668921933
17.000763532916647, 2.4406966122771445
17.22515853528512, 2.4601908606951906
17.297655619204363, 2.4654859376700644
17.05621432519494, 2.448481017725226
17.198359487520424, 2.463300715740586
17.351460607741334, 2.476360256727199
17.16789827344477, 2.463353270717075
17.265004813655395, 2.473003757089489
17.198795546612292, 2.4682999209983336
17.302427833792034, 2.4786709335860158
17.27690404451784, 2.4775049065734756
17.217251054230072, 2.4754542057883944
17.40675023038338, 2.489374722820168
17.35335720108506, 2.4866534109031058
17.373760897325525, 2.4882561816857907
17.42672291264626, 2.492274024860195
17.355798740362122, 2.489805365081832
17.48897943093969, 2.5009707670369563
17.268370210951225, 2.487246236004945
17.586191982373677, 2.5115979809441003
17.55981843642758, 2.509972985533664
17.6253964163409, 2.517519755110391
17.571096397937254, 2.514375333568082
17.6272516189393, 2.519745739469421
17.38412497622316, 2.5042591451767526
17.724976616161847, 2.531075650388086
17.39417767061409, 2.5095412737374456
17.615793113329183, 2.5256002219762896
17.622612820137714, 2.5263886266145663
17.87202701732129, 2.5442916510720215
17.757423545085626, 2.5373822489062414
17.836652237141504, 2.543423217828013
17.90000155808537, 2.549066439303041
17.6781673335403, 2.5336716796755976
17.61398364387371, 2.530095290448564
17.73983010273943, 2.5393250574687487
17.741009183492622, 2.5398580205624377
17.99744436867759, 2.558971962169938
17.87009223750369, 2.550037491228472
17.726745299962896, 2.5403236483307134
17.929884081386028, 2.5607270557300144
17.94760443759696, 2.563898300134464
17.75786072857203, 2.5516244676405453
17.845315047099117, 2.560729110296789
18.035201026382726, 2.5745748575095595
17.93697264413197, 2.5679221972780564
18.033758953687947, 2.5748619324919098
17.894652087074697, 2.566265801838206
17.857703593998423, 2.5641832420979593
17.812797441948756, 2.5610849238512357
18.091795548546866, 2.5811458261879228
17.864772853785027, 2.565065825865947
18.155406785985363, 2.5859857242395057
18.028359398881886, 2.577104621076103
18.02407018933947, 2.5768338426322934
17.883430654380298, 2.5691560219163057
18.040726358976258, 2.581209385821208
17.94868976628599, 2.574726026479368
18.088995659647345, 2.586423230649424
18.121349633800342, 2.5888537439532344
18.049722145938116, 2.5842230922593457
18.184829822682204, 2.5947464439366863
17.9717051260814, 2.5800917067280116
17.904295693805597, 2.5765083146575307
18.04429858362279, 2.5875111781978744
18.31259804667192, 2.6080237698704822
18.098565995178568, 2.593586321269261
18.085296038476258, 2.594277768669402
18.096123370302873, 2.5963443361664247
18.074271763994815, 2.5977972997472705
18.215250533674315, 2.6085850128776533
18.287097924112732, 2.614240173741331
18.40154425679762, 2.6230134315257336
18.28248143016035, 2.615108565803177
18.075292657703486, 2.6007318650751277
18.176115631665283, 2.6083953742932975
18.19685405248104, 2.609969951851032
18.307878090411542, 2.619475792155841
18.305950438396035, 2.6205719831556573
18.25024828378101, 2.6213192742462317
18.238599165756533, 2.620693640625209
18.43779321594225, 2.636136623554184
18.150822102083122, 2.617436076581261
18.212766380143634, 2.6223422898831634
18.510054612630224, 2.6456109026736874
18.27986377242215, 2.6294840299922173
18.24134467093478, 2.627558866259081
18.40007807408036, 2.641051934385681
18.411553447017756, 2.642309129815965
18.30783109514574, 2.6349374467196647
18.564869646369907, 2.654143127763513
18.457641568113996, 2.6471434788410253
18.63802556668447, 2.6635306416839954
18.487319683495176, 2.6550136914141964
18.681687060475653, 2.6718733391103733
18.528738709531698, 2.663467454687507
18.671189024328868, 2.6753370618051875
18.51618013399908, 2.664210367329316
18.704980556493577, 2.677829792678992
18.699805257423147, 2.6777903200015007
18.637930523407228, 2.675554351970783
18.656496147141993, 2.6770976178097667
18.523529170634966, 2.6678424487343477
18.55445015063812, 2.6700752481363255
18.865963524656735, 2.694920679828332
18.789270044561604, 2.690777150660897
18.648845896632057, 2.6818333490576585
18.604655888706386, 2.6791586655842714
18.597148383856933, 2.679202760632542
18.776297957300955, 2.694667622682143
18.742474726429865, 2.6927212879090368
18.883525096687148, 2.7028611415967108
18.674685454459155, 2.6888660349794424
18.886718281156345, 2.704607729840798
18.89351223064648, 2.7060705288791276
18.88027813920551, 2.7103048633645077
18.83700171758657, 2.7129706283634203
18.876018468889253, 2.71861291509627
19.04010037394825, 2.7332538664425794
18.993387822786097, 2.731724657261476
19.110324021007372, 2.7407634363582023
18.93228492802908, 2.7297853435238606
18.93867481093486, 2.7302897362026135
18.964237659043608, 2.735142665563637
19.184228829578522, 2.7509822762560487
18.999997022200294, 2.7387131470749466
19.360661256249035, 2.7646888399046654
19.333094337007445, 2.763976631548224
19.33449854523625, 2.7652446771243833
19.174963368734126, 2.760898767676321
19.271988498116134, 2.7691569748868394
19.29855531840598, 2.771120315256308
19.366074121176997, 2.7766959907877853
19.36172329999131, 2.782824922285023
19.454521708776383, 2.7897654472213684
19.462497832257075, 2.7913021927108783
19.49582586846182, 2.794942944459997
19.40804915926316, 2.788733550428706
19.37614728355118, 2.787183781941695
19.41081759183659, 2.790639279604852
19.40344353988882, 2.791069322029278
19.439146855595318, 2.7947075926350324
19.52753254997219, 2.80245375364881
19.62476239671696, 2.8104360205369217
19.753601086392514, 2.8251651262256328
19.577821088724075, 2.8130881441644906
19.768555784639094, 2.8291772229218193
19.531038970224206, 2.8121747823666343
19.517732862215, 2.8114284491288277
19.658126932320418, 2.8219742159195826
19.67644013926109, 2.824597527116392
19.61822249042935, 2.8208635318709163
19.625865091124233, 2.8234566775888714
19.67201333186513, 2.8336281177684715
19.6759076691157, 2.835774265793156
19.843674588542168, 2.848249949175301
19.776760565848083, 2.844777124590676
19.977927310582675, 2.8595080380015476
19.874233993566648, 2.8526339551189706
19.611460167827833, 2.8364863606861856
19.77681442403171, 2.8519129897862605
19.707569871956842, 2.8470994279211643
20.210002153634935, 2.883708554715265
19.867737223899578, 2.862608809978604
19.980989374336446, 2.871027663049106
19.877072497553318, 2.8639706023280764
19.782687455200158, 2.8580090205258157
20.118379864910004, 2.884554731469686
20.096516655132163, 2.884533471577768
19.98335331490849, 2.8765018452897335
19.919501270158957, 2.873249724748181
19.936699133264472, 2.877783615550502
20.22265374228069, 2.900290409339319
20.29775915031034, 2.9067975271394104
20.228850187688284, 2.9054857491143844
20.140191576366234, 2.899479647674572
20.3926740138573, 2.9177750027188276
20.062597117845417, 2.897970097703319
20.391553422615598, 2.9221831042743807
20.26541448695431, 2.9167027545710162
20.26623029858276, 2.9167854333558614
20.14889676810452, 2.9084045319003433
20.26257916720678, 2.9170834326573303
20.495046044016068, 2.938552667957725
20.242434972274822, 2.9210756349483225
20.255569646327608, 2.923768636988468
20.449587679489383, 2.9395759295308066
20.621776959701574, 2.9671893577012343
20.616348313097614, 2.967232581282677
20.81156109012307, 2.987942230466505
20.683120331656493, 2.9793049282995288
20.75048493412041, 2.9927075746902094
20.739063287993947, 2.992317311041221
20.82897197529978, 2.9998279866555055
20.793820459840386, 2.9989706928450843
21.038281710129347, 3.0188568237669555
20.942700334175015, 3.019117563523827
20.965417417212603, 3.024577040691425
21.087761555867267, 3.0358939370848725
20.958617204435377, 3.0300025149629883
21.09397712360255, 3.0409882733646905
21.02262487882436, 3.036242829482134
21.1563489953488, 3.0486844271286717
21.200858202579553, 3.057655107734596
21.221933453943613, 3.0607076143722907
21.260054851725794, 3.0718481038492147
21.351205764100037, 3.0797586510557746
21.18012064728777, 3.070876436026513
21.39608674451563, 3.087133758554912
21.5436978378507, 3.101924662080826
21.43091641750246, 3.0947590486377674
21.393127448397607, 3.093219384618058
21.712721100022563, 3.1236602277176013
21.466197753105437, 3.107360244064852
21.607270600042384, 3.1184500105998776
21.73206234364913, 3.1295212302163122
21.711248711659536, 3.1282302656308243
21.695382845127618, 3.1311664057455424
21.810171054770016, 3.1407465586776784
21.83211177938347, 3.1434581772497694
21.81642920939011, 3.143839200340155
21.683599834864538, 3.134356142016232
21.92195298653283, 3.153759694528892
22.071568962789453, 3.1863632423034494
22.13660083039032, 3.1939145699559086
22.11185797984153, 3.193997523594896
22.158939250009453, 3.199856471078073
22.576970092566718, 3.2435956999975524
22.44459041374845, 3.235693576583869
22.59130921170739, 3.2545757296275264
22.701888097457893, 3.264665615449336
22.682805804760456, 3.2728008346732107
22.568722135839437, 3.2674391320935765
22.822113292688353, 3.2873359344851467
22.69809199023252, 3.2791248270178386
22.89682879093546, 3.295396300489548
22.91413665797089, 3.3033509350206502
22.97996214817545, 3.3096338720267493
22.831831844587246, 3.301252666156193
22.795750406503103, 3.298881331241623
22.885664909053673, 3.315278631926719
23.041643331385902, 3.3339806841358284
23.041715199825777, 3.336390621433356
23.138857231506844, 3.350000489259772
23.163214231571075, 3.3520408023889425
23.273605167379685, 3.368024003966865
23.233144462262, 3.369986574261268
23.570160404722703, 3.3988802109333482
23.407875147453797, 3.3923495350888633
23.508214298877007, 3.4005233750077846
23.51845406964173, 3.4014479757153033
23.764099758113154, 3.4221194506410813
23.567326674914455, 3.410047946431984
23.565532180339268, 3.4132157363695343
23.559854340184053, 3.4129028972518256
23.8102961177711, 3.438821435658765
23.839099961006063, 3.4429588600054313
23.764879014712438, 3.442125709524806
23.856346486603808, 3.450331681711509
23.95515866648889, 3.4651695316406235
24.024474423039422, 3.476185265440816
24.15397977106528, 3.485950644556632
24.026676622160156, 3.478018318272431
24.135700039203314, 3.48782208287421
24.051731672811215, 3.4851748005543515
24.26992415984541, 3.5037052371948025
24.352924062890008, 3.509794616606663
24.092128563336, 3.4925410451533745
24.236435806773443, 3.503834763598128
24.3611599803854, 3.5264417673182153
24.34618466533921, 3.529394151223344
24.378452946408267, 3.5340739758644597
24.49517665521859, 3.542782218125984
24.519444779528843, 3.5524243363469576
24.55326292854468, 3.556783872630211
24.557074014999557, 3.55735871492477
25.02078147337069, 3.628241317852625
25.147856323635512, 3.6429005025004964
25.091392117796698, 3.645971525832789
25.44912611914932, 3.6723583454980187
25.27958717656865, 3.6604144434925896
25.329281346535712, 3.6681598776482094
25.223004604302847, 3.662404194974056
25.463235922077605, 3.6896530562662617
25.558032732652304, 3.6996419426064504
25.581576624978958, 3.7068112727738463
25.671467663403355, 3.7176929883852656
25.54157089502979, 3.711365204618626
25.842933300688564, 3.737102484245229
25.77652663541106, 3.7383137117057004
26.009706717565468, 3.763407850653426
25.97594298110302, 3.7623317917396255
26.150890077844174, 3.779541568660134
26.046625628371658, 3.7752934708355257
26.15156517850952, 3.783388726578309
26.179169778292994, 3.791755284294937
26.26774541071835, 3.799075624070933
26.139354385332368, 3.7898376057021306
26.19166962022819, 3.797397006890943
26.00010479629944, 3.7836537486638067
26.271819088253434, 3.803490485603784
26.548212915074945, 3.851389864431411
26.577419751448605, 3.857282576684537
26.836307983730684, 3.8852694945477735
26.761693077477485, 3.886352157398056
26.935606721581774, 3.9007891694227403
27.10716552701066, 3.9132667065750777
27.239066103072915, 3.9390531554708303
27.330315564231004, 3.955609098117045
27.313741320410195, 3.958389501143566
27.284702193948103, 3.9582118312878984
27.282152024331396, 3.964295456244839
27.456902281756296, 3.9820723658630053
27.51308346836672, 3.990770807245789
27.672178243641138, 4.012075598842508
27.819365245455565, 4.027503820144258
27.80377461151201, 4.029400443289606
27.98177795050324, 4.058751253971346
27.83740837070421, 4.05161051947507
28.05858246710615, 4.0698744838819545
28.102367856000072, 4.07684741008048
28.332237175126348, 4.119345131352765
28.40167466823512, 4.128823879269802
28.54824894185245, 4.149467020000303
28.451685541848917, 4.144079729791079
28.633502910204548, 4.158768106223542
28.678495052972156, 4.162863148303284
28.735214498636832, 4.18037944966074
28.860867788929646, 4.193021466376409
28.90176195256006, 4.1971182848928885
28.92916106900551, 4.201074729963376
29.04951866184532, 4.216615464607167
28.98848971024056, 4.21414057624486
28.956211086225846, 4.21572360136005
29.12399419162834, 4.229393253880082
29.192949271485876, 4.2350043345757555
29.250363267914665, 4.242737469354274
29.269867903221243, 4.244923402088776
29.527843724336794, 4.286746013281177
29.55410674364316, 4.292395259828352
29.618207222046745, 4.303707775965486
29.61173674229149, 4.308450347362915
29.834685173023903, 4.328705630251759
29.677153316578714, 4.318007101898315
29.78516549258544, 4.327896262853749
29.780671664008104, 4.329252334765223
29.745992196411372, 4.328065606432554
29.85460319409456, 4.336120726536416
29.750854255078533, 4.329446622320805
29.89909209318384, 4.340658364809002
29.827766662710612, 4.336703706390736
29.83460450761328, 4.339582880894232
30.17652231621076, 4.367553223713078
30.08938149004231, 4.369559048756939
30.036338584659045, 4.36964811385643
30.20226926805274, 4.390546629510916
30.222109339144293, 4.395345848859644
30.259994693445172, 4.400907613767495
30.20329496761384, 4.398402131006096
30.189620096680873, 4.3986501332430405
30.205370799790906, 4.402519520461407
30.63310306350847, 4.440705355152265
30.497259933149312, 4.435365199872458
30.450348448614537, 4.433899345042846
30.58145029166372, 4.44829662275765
30.6236457498502, 4.455076147469487
30.749832737109976, 4.47347888025898
30.738588172338666, 4.480507621063838
31.01875540104403, 4.501182531010121
30.74211705935387, 4.481067408424828
30.85706213653408, 4.490446823950367
30.780935210870314, 4.4868158283838495
30.872886958844408, 4.494054109976126
30.784496534108282, 4.489317508018093
31.075676365826794, 4.514834027579107
30.878239895399943, 4.507606285267582
31.149363737274133, 4.528899645698656
31.073304855571948, 4.532831850729632
31.27682200378608, 4.554289511677327
31.39953450361828, 4.565250898680102
31.41454068646245, 4.568803062902333
31.403651434263395, 4.569247229326445
31.532722543790186, 4.581860374489481
31.359286915282883, 4.571003549653107
31.419255859114944, 4.584026077062415
31.560136690665267, 4.606013623573821
31.647790186598964, 4.612987715919423
31.533773790580536, 4.604832848184512
31.82665520131669, 4.632232437463341
31.789647595935687, 4.634477603737539
32.03637034747291, 4.654390519452988
31.723871410903115, 4.633357663314388
31.90972782381358, 4.646965533987865
31.77122094689982, 4.640314295128094
32.13876585886698, 4.669971748186221
31.884178435509963, 4.655246154859782
32.178019355763794, 4.67974761139094
31.97655223302381, 4.66604092378118
31.994136264014767, 4.667802528294247
32.11850328568338, 4.686724784557216
32.09591330771153, 4.6854877064053575
32.17160413917416, 4.692306057914048
32.10397497963643, 4.688901611232296
32.118624813149545, 4.690357414048851
32.00286473592754, 4.682036013132997
32.3088501124913, 4.705243454664087
32.16188863849143, 4.695733209794734
32.32163462421372, 4.713243303710841
32.255792560798646, 4.708761840850976
32.477260860349595, 4.727551122499973
32.36242854582709, 4.720110419230423
32.112956353352274, 4.704724052893614
32.34922591620494, 4.7224430513491695
32.287790112548976, 4.720156554628303
32.38880420097452, 4.728207163450928
32.38742962529153, 4.728799831923888
32.30547589692563, 4.722871349862361
32.32450752850866, 4.725546567415224
32.5323604309077, 4.741248900377199
32.36019441998366, 4.730619145865964
32.89650586972262, 4.773733540755951
32.671256262936595, 4.75859942937298
32.15930551079166, 4.72325518856189
32.530147508143976, 4.75246315083593
32.533665304356866, 4.7535770822500485
32.713483855577415, 4.7711201366942175
32.55372154956835, 4.763400646895366
32.71333555849507, 4.777237113206622
32.62026761962207, 4.7710485002054455
32.558269376773204, 4.770896591179034
32.839928845178676, 4.7925921676135514
32.8025785045577, 4.790174543808205
32.779260083717396, 4.7918892877795844
32.685505174616324, 4.78571019509711
32.7835455229484, 4.79388599622798
32.89505647829955, 4.806601965419867
32.934555192337726, 4.811588078488313
32.96699262818937, 4.8170664399267
32.992341707254646, 4.823085803922009
33.1618886195178, 4.835970216806695
33.10693954129963, 4.833018646872917
33.25230303576208, 4.8440729830279246
33.04760301438353, 4.831241450916545
33.22660376313509, 4.845512243112197
32.81844771037032, 4.819454027662126
33.28217855848538, 4.8542404133246615
33.10290159369582, 4.842883625032683
33.18689310071662, 4.849230867312643
33.21955578288438, 4.85179514008639
33.05739003872192, 4.840024200241666
33.28224754685636, 4.856532354969338
33.196770617445196, 4.852946878162931
33.15726059780583, 4.85250312403316
33.093892466202234, 4.849944966655768
33.53064490483821, 4.8831691356364715
33.247644593643074, 4.863520253615105
33.15866126688903, 4.857191719054261
33.37145417633154, 4.873282700151679
33.37513164837663, 4.874373242288154
33.108239283094626, 4.85508114186538
33.185531684173775, 4.8609356318538195
33.204217268406374, 4.862315680014879
33.22910046207413, 4.864422264019359
33.17204101010157, 4.86140943901512
33.14247546476107, 4.859314154132017
33.4771359199647, 4.884072089255069
33.22002251119702, 4.865322648146823
33.11586984066742, 4.857800513936323
33.04798806451134, 4.8538398906039255
33.42373927505981, 4.8815368446956615
33.54762035904644, 4.8907463272420655
33.215543578309834, 4.866957382461987
33.37840940700684, 4.879636648540646
33.13599344148628, 4.862169491523411
33.28123104074604, 4.873525132785194
33.37997465518597, 4.881146899728425
33.12206515226448, 4.864049993441816
33.290592998286584, 4.876480563531109
33.35545218198901, 4.881491295305513
33.242013303096115, 4.873316948399255
33.399764347339044, 4.884947047893126
33.47475776580086, 4.890607685810188
33.301307264869465, 4.878182386445295
33.52913853421527, 4.894865849411045
33.43550099533647, 4.888576443258905
33.476368696519785, 4.891619900323573
33.345608156066056, 4.882962766151901
33.574793575668274, 4.89995419105637
33.483241682507476, 4.8934063274205215
33.59753160325958, 4.901803064813992
33.002661658944575, 4.8582596604548485
33.26751330007183, 4.8783293116025135
33.43917759768955, 4.892038677349035
33.509358315259306, 4.898615636017249
33.580556636109705, 4.904487599960696
33.487505202766876, 4.898438008933869
33.51960864719495, 4.901644219774612
33.436383913384745, 4.896308388119454
33.42799195869536, 4.8965612155986245
33.04181452205799, 4.868883949176721
33.42133810153701, 4.8973784659548265
33.26682371418559, 4.887115452400785
33.54125934059437, 4.9078873808548735
33.374580294435866, 4.895866137069726
33.391084428261465, 4.898096808224294
32.96174138656066, 4.866535402388743
33.14519281921578, 4.880601244441205
33.638266661083186, 4.91756135814245
33.55113648520658, 4.911610404258535
33.56407207014138, 4.912565123848493
33.607647638035736, 4.916836443027763
33.58425467491449, 4.9155218986461575
33.52000320088955, 4.910818221336665
33.561948273620885, 4.914789151196445
33.46079333122488, 4.908370426694059
33.42192921502667, 4.906578343379155
33.52898084052726, 4.914504781810926
33.36765524701021, 4.903184983324735
33.71549014077096, 4.9288798633057835
33.551928757905, 4.91786428609833
33.43133783889411, 4.9095077816962025
33.496565355621506, 4.914571802051226
33.582683580332045, 4.920910098441504
33.226456700248704, 4.895310736803122
33.69769031033164, 4.933122401539689
33.46594461872848, 4.919436006542523
33.41072913609496, 4.916832789073517
33.48577047185918, 4.9238260415128305
33.70369952287645, 4.940049876025549
33.487412508783144, 4.9257423966411125
33.70023276118545, 4.942599769989424
33.54112207005637, 4.933245984234819
33.77373314545826, 4.953714000456439
33.81641706085369, 4.957927748821735
33.75161016815684, 4.953401617631378
33.91002248154694, 4.981231874223366
34.12867203687837, 5.011098388767705
34.114594991290495, 5.014487888887055