1.0331532869893565, 0.15
1.0322338584586808, 0.15
1.031301444196438, 0.15
1.0310199377970923, 0.15
1.0305219317504424, 0.15
1.0302353908775328, 0.15
1.0300765706439707, 0.15
1.0299446277624997, 0.15
1.0297794360282087, 0.15
1.0294659332832892, 0.15
1.0294631882820842, 0.15
1.02944223441285, 0.15
1.029317459191228, 0.15
1.0291416643803288, 0.15
1.0290148410636677, 0.15
1.028847256352878, 0.15
1.028677727201274, 0.15
1.0285163440745337, 0.15
1.0284901982647259, 0.15
1.0283796927321378, 0.15
1.028375484956296, 0.15
1.0283620688923163, 0.15
1.0281999452071986, 0.15
1.0280430005846923, 0.15
1.0280356522057457, 0.15
1.0279248985146374, 0.15
1.0279076305937545, 0.15
1.0278910644929342, 0.15
1.0277292442866035, 0.15
1.0277212449201676, 0.15
1.0275868815182463, 0.15
1.0275813247849046, 0.15
1.02758111457977, 0.15
1.0275606772606913, 0.15
1.0274395558707607, 0.15
1.0274324375239945, 0.15
1.0272835417015878, 0.15
1.027268429398321, 0.15
1.0271056894273405, 0.15
1.0269623678441804, 0.15
1.0269318494492066, 0.15
1.026926121637269, 0.15
1.0267916278717493, 0.15
1.0267849810412142, 0.15
1.0267543912280401, 0.15
1.0266395452576609, 0.15
1.0264838150677433, 0.15
1.0263465091497153, 0.15
1.0263428733243143, 0.15
1.02616622197423, 0.15
1.0261629136876635, 0.15
1.026159897542417, 0.15
1.0258676933552824, 0.15
1.0258509930134654, 0.15
1.0258374346161223, 0.15
1.0256707313045106, 0.15
1.0255391305754076, 0.15
1.0255361279655617, 0.15
1.0251966690565646, 0.15
1.0250516406771708, 0.15
1.0250380358405062, 0.15
1.024910904395593, 0.15
1.0249038769995376, 0.15
1.0248820570635793, 0.15001956544456174
1.0245366366982207, 0.15
1.024416315368881, 0.15
1.0242634435970213, 0.15
1.0239279113114184, 0.15
1.0236247978806914, 0.15
1.023470219865955, 0.15
1.023452426204731, 0.15
1.033433484331817, 0.15076263386643074
1.022837945755586, 0.15
1.0334184451839563, 0.15080231618758422
1.022290896252223, 0.15
1.0369657701807784, 0.15159919800299893
1.044533247894343, 0.15256713943937505
1.058807560452822, 0.1545328407116413
1.0998578018273462, 0.16047420213553476
1.1022819618534063, 0.16081039335593061
1.1047639342108528, 0.16104787308752577
1.096154348817104, 0.16098601584691163
1.1207769333062312, 0.16370209450442808
1.137463088045402, 0.1656162263490062
1.1596490434529005, 0.1686411430453898
1.1550090226809764, 0.16870776349259753
1.1585582287396912, 0.16901595130361535
1.1499290881882915, 0.16867488029318523
1.1659013070577655, 0.16985316843291898
1.206444665342454, 0.17618844141437595
1.221456089034651, 0.17830218237930673
1.2163177977081139, 0.17827219489017043
1.2544378998281311, 0.1828128117142418
1.2579119631327615, 0.1832589112947396
1.2720944251059028, 0.18543635508745648
1.2822351283791742, 0.18689046627944172
1.3001830761551305, 0.18927126479627177
1.3153903259486215, 0.19128912561559286
1.3541167003827936, 0.1965991974967034
1.374955028104268, 0.2002501324598942
1.3766626195452476, 0.20089723350345245
1.384721290936103, 0.20158636061374402
1.4177753899531542, 0.20655375686098587
1.4340115515090106, 0.208727829618363
1.483446989240061, 0.21647889742407767
1.4991273089889614, 0.2185005058502636
1.4925508897010595, 0.21875273440223264
1.5320227800430546, 0.22367571486943838
1.5625920195732363, 0.22830514482312037
1.6339443938753295, 0.2377221441211823
1.6488718677391236, 0.24032444381399554
1.6505707269795655, 0.24054434445410156
1.6659316966842803, 0.24277550740193377
1.6748034075127278, 0.2442072721321713
1.6995468847928004, 0.24816344374563748
1.7167106705760276, 0.24983510138078469
1.7135989567007095, 0.24964663745136217
1.7285002426357492, 0.2517480304684083
1.7609761323981086, 0.2562433433866067
1.7559194581475552, 0.25611540807696276
1.7712854334054813, 0.25781635336641173
1.8379985779118797, 0.2673703828653622
1.8609420918142359, 0.2704218551917119
1.946297302357485, 0.2832528032487174
2.035957866955553, 0.2965227364473959
2.049631886156211, 0.29829224872703275
2.0559726366402193, 0.2989456650553217
2.056509312116332, 0.299290009011675
2.0732214507982465, 0.30127538871710424
2.071572641469287, 0.3017466450781452
2.116287649324751, 0.30798467072308977
2.1846332922086056, 0.3180383926321495
2.3131100816026335, 0.3360856945683892
2.3082043721876557, 0.3358722161383936
2.3220707631457915, 0.3379402746243203
2.3189886270740026, 0.338148670616623
2.3402793615207584, 0.34053964168075535
2.3587433830399105, 0.3438933451121544
2.4389806378778083, 0.35437422965036536
2.452532665255019, 0.3565006237032913
2.481639875539457, 0.36126302112046194
2.518314541588072, 0.3666552771512004
2.5280658312464497, 0.36763803895329783
2.5563621771359033, 0.372094223280544
2.5952488516065952, 0.37712952129617605
2.6521568410870975, 0.385114438338932
2.726725631568251, 0.39606376392235454
2.7598291516082125, 0.40075309428391925
2.7747013433381382, 0.4033326301707145
2.7857211979683836, 0.40456788170045765
2.959866030513495, 0.4301780979840135
2.979423078800546, 0.4334110609339552
3.0163306556653704, 0.4380630444820204
3.0713087619777686, 0.446248652898527
3.094928072032463, 0.44993932289282323
3.193656644149315, 0.46443686643102655
3.205333225722975, 0.4657882220726277
3.2903328400578973, 0.4784875000111315
3.316135628473796, 0.4818186307868837
3.3894009861299663, 0.4924680920968365
3.4122717414585817, 0.4949813667486973
3.395072283904481, 0.4941067974186719
3.435316805841167, 0.4992822659460021
3.529372394959599, 0.5131752436131114
3.537215117077132, 0.5144574724488464
3.5615139787733705, 0.5174741236964735
3.567431509868106, 0.518026817905997
3.618660519268515, 0.5260924841924242
3.6197991376854395, 0.5266472860322207
3.643485232509479, 0.5289913206674184
3.6563421041275754, 0.531409391624396
3.833695201231731, 0.5570109661660299
3.856576397047315, 0.5588592448953715
3.863536243494293, 0.560367348379283
3.925391560025542, 0.5697542475255402
4.0116722066303705, 0.5829696000559652
4.050935729474928, 0.590091893519773
4.322216840972422, 0.6277241290837754
4.369232886879782, 0.6331551766750447
4.375747225772029, 0.6363318052279903
4.38528220044478, 0.6375326725357127
4.448782009296757, 0.6457234852820726
4.472670153900911, 0.6496698197021988
4.67045789346413, 0.6783985644910073
4.670388021970129, 0.67879008938091
4.732753169450483, 0.6856314449508565
4.797288814580322, 0.6968196695756239
4.916467749419716, 0.7124496480169134
4.962775162010293, 0.7198981170433987
4.961897145391, 0.7198800897313866
4.962528037498384, 0.720286569692739
4.969866165907854, 0.7218809343953918
5.043051253368141, 0.7310152605452025
5.077007173094862, 0.7362568735982471
5.214860141240571, 0.7554767646012488
5.212808666753243, 0.7567300244884505
5.285855068050926, 0.7673347944864011
5.315902828193622, 0.7697849490588675
5.3083584899713285, 0.7695750897771862
5.363893551146071, 0.7769581086672233
5.318466775639028, 0.7736758166718021
5.363965485829165, 0.7793646125317615
5.440932824873806, 0.7886821778981039
5.42613178204744, 0.7885177176434022
5.518812048042398, 0.7991617189293381
5.675854722274302, 0.8223780716553879
5.697746392605642, 0.8243422432198981
5.702315796660804, 0.8263307927842982
5.718456072611973, 0.8306290131298937
5.735179219211195, 0.8320706170899976
5.7805276206505924, 0.8384056626734431
5.807369310185473, 0.8423011966895322
5.927192384591874, 0.8596748051347669
6.20117854737812, 0.897328950144396
6.395409687750479, 0.9259692521195477
6.549180026834161, 0.947543498887609
6.577679376870048, 0.9515368738421008
6.620233983645221, 0.9589375815237782
6.711965784059926, 0.9711028178623726
6.724044679535897, 0.9759688487876721
6.776414408008911, 0.98057052876442
6.780620077240955, 0.9814568541092044
6.873688035509467, 0.9963729728527309
6.900824882405684, 0.9988578380184387
7.042124627924478, 1.0190211318960651
7.2077699431067686, 1.0425402884700334
7.203693592305675, 1.0437587076980925
7.236737903011762, 1.047184020381775
7.28675689382638, 1.0544129671170648
7.293840492406825, 1.0572658952899765
7.299600293468181, 1.0588848020815016
7.375313307281226, 1.067842905354384
7.596962745883564, 1.102673896714566
7.6721230633060005, 1.1089154614205832
7.671565244475851, 1.108988900130261
8.024464112150195, 1.1630187137160952
8.157709198767229, 1.178600227238169
8.373583126656415, 1.2103024617908886
8.4279522862727, 1.219380265770269
8.411418466641235, 1.218220884446466
8.479710756468053, 1.2249385517499949
8.48525099555996, 1.227316007998887
8.468064889923706, 1.2264249618509204
8.495045092800003, 1.2283847348573422
8.566512131114798, 1.233840993145665
8.557754075340975, 1.2367416412334968
8.538526554705497, 1.2360928380619374
8.623564113636279, 1.2460796323162215
8.702764803001953, 1.257518482246458
8.71427061383676, 1.2595341388975516
8.714167898759303, 1.2607927113276123
8.716519619689791, 1.2627670938991553
8.814897226858696, 1.2739054853172043
8.800591216549698, 1.2753189062767882
9.041067703275145, 1.3079056838406293
9.118591118290913, 1.3210276705452628
9.23872085423294, 1.3368824233391408
9.25656860141403, 1.3394651517681693
9.272568463880017, 1.3423575634383615
9.31101987036838, 1.34579181856098
9.281816650575328, 1.345066967084021
9.308308737715183, 1.3473324778493678
9.411189110603281, 1.3583466904958845
9.320449203335968, 1.3520284765771944
9.531764563745911, 1.3749756499761245
9.524858834762671, 1.3747564653467785
9.646685675066022, 1.3903740841202765
9.600368438429546, 1.3890174078179518
9.701690807482029, 1.3991004650414096
9.71902736649051, 1.4010189587822879
9.651256076183785, 1.3963694411811716
9.81230444379417, 1.4148509991359504
9.859819929805719, 1.4249140838617524
10.125941183211651, 1.459458476546616
10.18889186110527, 1.4710208274128123
10.170318983029208, 1.4706337425746785
10.196579676979711, 1.4740000341490456
10.386658969910902, 1.498927861869821
10.362366670176778, 1.4981982662438753
10.36522884861811, 1.4996681713552578
10.418882672974663, 1.5054885018065205
10.54871010740483, 1.52168461341806
10.605522979429704, 1.5309472724942035
10.80727123065272, 1.5529510270804607
10.834163268146412, 1.563075494103101
10.861015429641135, 1.5671677745740542
10.920396045977899, 1.577518650853598
10.955532269731416, 1.580149435835958
11.001307782818081, 1.5869664818544704
11.027737916955742, 1.5889941205434788
11.002188892885918, 1.594379851084633
11.137547480719302, 1.6059450303991873
11.168736720962833, 1.6082054407534674
11.200713381334863, 1.6171111235853752
11.17040885566699, 1.6154754837571517
11.325769677305388, 1.6283541980216398
11.208124714604805, 1.6204689424524155
11.22461652993151, 1.6233182966244923
11.257743620837074, 1.6262485740330712
11.337859963027498, 1.6366597300782315
11.481465444762195, 1.6546129935044185
11.519751437704354, 1.6610605317910743
11.571339288580143, 1.6652634041568204
11.495245157729862, 1.6598594570356484
11.514029114462117, 1.6625687084746854
11.580521716833315, 1.6707649022667947
11.675789748490075, 1.6840231203907052
11.717255312438756, 1.6912059798674495
11.899050080058192, 1.7143144617064277
11.969173817265638, 1.7220521542051337
11.888115461126436, 1.719276635461049
11.943307053415333, 1.7240757718622994
11.959855714177667, 1.7262218689840703
11.972947885240636, 1.7278676934969672
12.040953365726889, 1.732838037906439
12.06272972325885, 1.739114975896463
12.030713655570041, 1.7391621641254007
12.120185376573064, 1.7464240713230827
12.168765907653126, 1.7517202487306527
12.208912213585883, 1.7548435554769037
12.123332464292124, 1.749584368433168
12.25940093562248, 1.7625925270563325
12.304763034879862, 1.7725285948075964
12.36546139816751, 1.7783152427570297
12.264802633213012, 1.7724865428043035
12.390636227660274, 1.786399764398463
12.410733219422774, 1.7887915184020287
12.442786213157229, 1.791919272089082
12.418755562576948, 1.7904428361447522
12.480800325465513, 1.7961464921906023
12.586501361083865, 1.8116166980204884
12.545112610428923, 1.8106885930600747
12.656525622236078, 1.8237006963446323
12.681240928483419, 1.8254911766432924
12.738680618142265, 1.8317445666001264
12.605905931416055, 1.8228249478310188
12.6710528951839, 1.8275947210474053
12.91004694044416, 1.8521142528871914
12.944695254217606, 1.8601186605126818
12.874976817652437, 1.855702492785376
12.964157135481841, 1.8626419328318322
12.857144537076373, 1.8559800176668588
12.923386079310136, 1.8611169864991384
12.939364336706749, 1.8629280068485432
12.905072581473748, 1.8615914359604568
12.921623387658466, 1.863470027040175
13.033059784944735, 1.873061469079036
13.090338076200313, 1.8787417048572985
13.03476326709793, 1.8750894437905963
12.934415176687493, 1.8681999841019303
13.104598062320965, 1.881035792410537
13.063126536567479, 1.880202179537247
13.207229596156498, 1.8942585518160726
13.089922081735294, 1.8872028692048852
13.148523606001369, 1.893281628955772
13.153998195380204, 1.8938009779239584
13.199470561841649, 1.8993164237551063
13.206739328638166, 1.901155791342502
13.338112145208749, 1.9150835693413937
13.220763599218532, 1.9071251180935267
13.288310443975599, 1.9131524808920375
13.363916836052509, 1.9216490412761527
13.273306650461452, 1.9160742169959377
13.34087170090938, 1.9217847235347474
13.41162996428968, 1.9277366157204368
13.452092231022107, 1.9314384099930697
13.388057894546218, 1.926981375269352
13.43268695984172, 1.9312967863386765
13.387060472483379, 1.9292476971644756
13.539721579613204, 1.9427117715237596
13.45478606675824, 1.9373937285883214
13.407889109052283, 1.934139260896992
13.538632288799075, 1.944921185680788
13.533202934030141, 1.9446733174483954
13.585484281286181, 1.9511220099133197
13.514926246791239, 1.947131421409436
13.512904956376666, 1.9476447776602601
13.621762221933997, 1.9584659482458466
13.645627448108664, 1.9624237070496076
13.601881608085021, 1.9602031126357033
13.558285490216056, 1.9572073358668511
13.775338863184317, 1.973888673050066
13.686620244783363, 1.968335636557974
13.68679675043604, 1.9688915543751078
13.627334970806254, 1.9649653355554353
13.845590337559143, 1.9836879114530381
13.747322037796556, 1.9770647162677646
13.850358871564966, 1.9889073869045326
13.823297217457014, 1.988518219480242
13.90810330495764, 1.994763952818566
13.84931578589675, 1.9947614452897566
13.86734488376305, 1.998182452750208
13.956052532312334, 2.0057188279700977
13.922954836577347, 2.004525786740574
14.06949007873552, 2.0176397601724316
14.017911395940185, 2.0146223422441922
13.948289518005431, 2.011249809779674
14.089875273081947, 2.0252090564867746
14.079087375071534, 2.025324399355539
14.205407061384657, 2.037972252140854
14.111259359988741, 2.0319214104619787
14.197205536949397, 2.0392649831167953
14.150104392949112, 2.0380718966871125
14.168875871787767, 2.0410586498047723
14.206792698170768, 2.044544926423857
14.305639167167246, 2.0562300056291694
14.316749363911677, 2.0572785755133927
14.301780619784289, 2.0587857178350033
14.43300860644, 2.0692297369822077
14.361914809765235, 2.066299561944578
14.414704013509967, 2.0722130672995753
14.467613109559114, 2.0769775432092175
14.592241409420781, 2.0870735205856255
14.498680078811576, 2.084554687773741
14.499435819260569, 2.0863851080291855
14.4610887982212, 2.0840412499843897
14.610583851436981, 2.0975123255406736
14.57259372767529, 2.095183854618181
14.701171376466519, 2.10542315744799
14.573893159501775, 2.097391188579021
14.66112399216669, 2.107627588388084
14.610203182792995, 2.10405700339233
14.619136083450481, 2.1062374040772758
14.625078604625303, 2.1070810655367866
14.76497876647686, 2.1173983801377094
14.753257685857728, 2.1165635944218497
14.72814682456585, 2.115239256867696
14.805402372232704, 2.1226306506216064
14.762572374490512, 2.119893051367101
14.7914866477667, 2.1246162966487514
14.846043911378793, 2.128725356886605
14.874883021681057, 2.1317341447250016
14.82247926173276, 2.129082072112829
14.7676767182666, 2.1264313730855138
14.873784376629374, 2.134993967622112
14.839383286090916, 2.134115267699732
14.925662420571424, 2.140449226371386
14.912885069772845, 2.1435189848672254
14.92662545470683, 2.145208693423011
14.918449905485895, 2.145209541602835
14.950469937111139, 2.149797528433006
15.096095488799188, 2.1628845339207414
15.024638937801457, 2.1595848478407964
15.020085039866613, 2.1598213770778285
15.201415728560491, 2.1756525997499887
15.260443234423827, 2.187580014473065
15.25496332507698, 2.187379637044451
15.209648912892698, 2.1861832047416074
15.323356724488146, 2.201923732451365
15.352789176504409, 2.204045024002399
15.364123719835375, 2.2068904235472697
15.509161479364948, 2.2188229645989033
15.42070685259374, 2.2153066101254115
15.449028033321028, 2.2187798716248475
15.512995672023413, 2.225263031575979
15.57924744229686, 2.2306034769573246
15.481407226261185, 2.225239322500552
15.441269192212356, 2.2234315408264527
15.571821398883227, 2.236722953240675
15.673513063651153, 2.251939928726734
15.700582062307202, 2.2598492913603634
15.772926269475668, 2.270255020177614
15.920508167266254, 2.2818848034985573
15.89807465334899, 2.282644992353613
15.991279520139122, 2.2966743420921665
16.033579785035812, 2.3068314476602447
16.249488929250436, 2.329970678983586
16.383481287213915, 2.341775345492789
16.28527738294638, 2.3363781287621643
16.35125387940972, 2.3442471066449766
16.48887065637885, 2.365243260476557
16.54619900351279, 2.3725015152238704
16.76200523969435, 2.395237403199104
16.67970663956824, 2.3907134115449047
16.858344670778678, 2.409026741025162
17.196967224188445, 2.455509001866747
17.08453688280737, 2.456362411580737
17.227946843215662, 2.470291624736647
17.81043507518192, 2.5512461770156625
18.17953594681721, 2.6013763186181738
18.39987912921477, 2.6392106097440715
18.484016741384693, 2.648797683692523
18.477323819231955, 2.648531023209797
18.555342343395807, 2.657276276962537
18.438859011085913, 2.6490639986741416
18.522881369209117, 2.657571742813678
18.682967171278126, 2.671672705593222
18.671721881063778, 2.6767712467249627
18.703439662018983, 2.6856524263967074
18.67169254286993, 2.6836130867578456
18.747736094722516, 2.6912711649332577
18.75278804010379, 2.69343943771557
18.90672502767761, 2.7111762154121344
18.977176127144865, 2.719819241169228
18.84470914534099, 2.7103325718827254
19.0261046997938, 2.728646936011887
19.013722357566316, 2.7283666597168876
19.017370632264555, 2.734413738843428
18.982565011091555, 2.7339200658795537
19.302644850687056, 2.7591572611769717
19.386052147947414, 2.7653868206155163
19.202575701763593, 2.7543274095389503
19.232902404704035, 2.7583223813922064
19.197874978685462, 2.756983667072137
19.366870108930666, 2.7782603379460413
19.366857761504605, 2.7801566326745464
19.284621122972858, 2.7797545113522215
19.50132195024337, 2.7979409611878303
19.454849144673435, 2.795782079250495
19.539488698534164, 2.801918454414305
19.522486138245597, 2.802478344685797
19.539256109118774, 2.803745706125209
19.455809092624065, 2.798994625048752
19.530449505953698, 2.807039121975188
19.612498562471945, 2.8135061521060045
19.598815001970685, 2.815353776370948
19.66168892788719, 2.825501505070031
19.76025068457552, 2.832803489628013
19.67273757271861, 2.827127017058433
19.764594352171994, 2.8426301669856135
19.966803547536575, 2.858603535134523
19.705304677575665, 2.8399792072400354
19.961566870550218, 2.859759860214046
19.916066020471852, 2.857059802334798
19.8498801462735, 2.855265788688725
19.921675546537944, 2.861730752395939
19.963047326430964, 2.865729132194943
19.893387357261254, 2.8611549178534146
19.91464840058819, 2.8630493866590934
20.09894442635067, 2.8767921671565455
19.9203745516562, 2.864654412368548
19.829181721392835, 2.8582387394221254
20.0413592580593, 2.876961196263008
20.045710499352626, 2.881499557362539
20.240223454619528, 2.9074754281982607
20.20372331768214, 2.905361859454052
20.163256511325994, 2.902753611903539
20.374874398101223, 2.918199825912371
20.35973735143178, 2.919163895845127
20.383307201617644, 2.927613248192924
20.37234596772635, 2.926843869792359
20.41525916791647, 2.932615082126042
20.465548618778268, 2.936657616065978
20.355969964756344, 2.9301136851040654
20.527999236095162, 2.94601281560559
20.4955503856164, 2.9461610875563693
20.489334487143093, 2.94602515850638
20.563893787705503, 2.951555933755272
20.565156977537143, 2.9549369953921367
20.512928319925805, 2.9514508593549627
20.692290101504597, 2.9656199110901937
20.474363198812007, 2.9499933949764934
20.58149093255893, 2.9601388870208023
20.744894225811887, 2.972766213550573
20.66028649143471, 2.9669940908684245
20.659554986958288, 2.9677227636267522
20.6022648397171, 2.9639148057675575
20.671865031182907, 2.9706615028318684
20.5188277299454, 2.9605352506194738
20.607960961671175, 2.9671767876713835
20.679953117302716, 2.9730555043347184
20.579568339187297, 2.966400292208151
20.790548689017484, 2.986515245177266
20.676817833284826, 2.9808174337097926
20.7522603450458, 2.9863195365478745
20.92407193973361, 3.002448792285799
20.937394990620533, 3.0059931048106714
20.89930447142615, 3.0037684064199377
20.82379276137284, 3.0003486604138807
21.091563326828478, 3.0220591671248753
20.860511430448398, 3.005629816482016
20.9425668881945, 3.0128738016630496
20.969488779315576, 3.0154954772716653
20.883106009882944, 3.0092907739984875
20.978555358789986, 3.019725564331601
21.05714174092386, 3.0272796611385333
20.984234830661503, 3.023042894484229
21.02270265602715, 3.0264771059614066
20.99612096604715, 3.0247584712548914
21.00500186950199, 3.026443360807427
21.145298307876846, 3.037873198126615
21.141564522364266, 3.0385902345504245
21.098008745160833, 3.037312379004402
21.319006244995983, 3.05829635990412
21.16833957674426, 3.0491167654254214
21.163204509922814, 3.0501125936183904
21.282740551933035, 3.0588810635092045
21.172386989637076, 3.052704876679786
21.186895061618802, 3.0543807613199414
21.38523915665709, 3.0690379172856552
21.402986808639024, 3.0715489922757477
21.20785597235491, 3.0578102874681035
21.274459396302873, 3.063569742270267
21.21189515317135, 3.0605340276433246
21.352093488514456, 3.0730505688556464
21.251646376386642, 3.0667080373792777
21.253259688985075, 3.0690976983782425
21.42650222896819, 3.0842167028047136
21.269056577716757, 3.0735696392786593
21.46499585674102, 3.0897253001935
21.648086533514228, 3.1050835188121706
21.4454418834175, 3.0920660014317036
21.490699956017206, 3.0973291832870142
21.610003554456288, 3.1080333932004622
21.663058831757752, 3.114383380623078
21.72649774532709, 3.1205535179014987
21.659669683311954, 3.117328857069581
21.629414749233042, 3.11643091020517
21.500755807490986, 3.107488338340434
21.605660719473857, 3.1155800583130677
21.582378002284276, 3.116628014271514
21.74706070284707, 3.1307554881988153
21.879272614078694, 3.140779415229429
21.836350904820247, 3.1379820562906664
21.760628651845995, 3.13269762889532
21.755699351365912, 3.133283058815608
21.768584407382402, 3.135167957429414
21.97463947470544, 3.1531953559996806
21.82324041742238, 3.143915562249484
21.883321319826813, 3.1503756477684686
21.915144323758565, 3.156263172886349
21.923438300562733, 3.1583379832692637
21.94807698676885, 3.1619004898431324
21.988329804232265, 3.1703261023672775
22.05646407174062, 3.1757497992215606
22.00964620179469, 3.1747565033637715
22.039220941826006, 3.178139601383254
22.16637584120819, 3.188937188071601
22.09998860533053, 3.1855328382679415
22.0969709705229, 3.1873282137279846
22.174737324691755, 3.1972066810835154
22.27026125232884, 3.2047422294138572
22.141979069775413, 3.1974352109761606
22.187313633872776, 3.206709744687026
22.43168499911717, 3.225333758735802
22.483323893209768, 3.229212541577069
22.278065737054185, 3.217551619202461
22.525238558395117, 3.248193753311277
22.56414856242402, 3.2524369284398986
22.674602832591145, 3.268833226552106
22.729105383308127, 3.2771215434107033
22.773316310587063, 3.285839593729434
22.73697091049842, 3.284737143247103
22.700404027049977, 3.2832247037392603
22.895105764128925, 3.298764594647829
22.892072095395832, 3.3006221523051567
22.835027138471872, 3.296584294368256
23.009496864696455, 3.319426517633139
23.098554124026812, 3.3276189410263024
23.083653343870658, 3.329171036141485
23.110969843007126, 3.3317016572826486
23.148577044152272, 3.3357337372530322
23.13313149179954, 3.341478550228689
23.17926971719183, 3.3448383853999104
23.185820085552237, 3.348130236550741
23.226451892725546, 3.3516706591162526
23.322739602670723, 3.361772896561601
23.277756466700822, 3.360942313146591
23.270390619694428, 3.3637161459795184
23.374149977786203, 3.3729830316524456
23.55458940967561, 3.3872232564286753
23.508653941815954, 3.386220302783549
23.570948698153348, 3.392874740650278
23.504258324695158, 3.3917449152282204
23.619672344999376, 3.401259728165466
23.642982209019124, 3.4074598000362473
23.569626873276928, 3.4026282130769925
23.69604396470994, 3.418940751989079
23.78738125011062, 3.4306592361073074
23.700558545988677, 3.426867256688042
23.645335253533844, 3.4258051682889556
23.769576126305417, 3.440277543769179
23.914696547124727, 3.4524419525577787
23.88320127673953, 3.450810208232806
23.847369601233428, 3.4491028145782465
23.969298140996123, 3.4583442394431962
23.938393305469912, 3.4573237058004436
24.109994396203625, 3.4767238321757254
24.060194444764903, 3.4734324616785184
24.076540209934674, 3.477761646514452
24.110218755989106, 3.4911276936509372
24.4496926720103, 3.5178674699611
24.2313275047388, 3.5045979488473167
24.342507984096926, 3.5176608858115666
24.380294322880637, 3.52262042578408
24.36208557267539, 3.5240266862166125
24.501483203911597, 3.535638736910678
24.649965582798806, 3.549629859835508
24.520941311498852, 3.541951293379384
24.551976468139664, 3.5449340390043327
24.538697305662794, 3.54500993618883
24.612040778231346, 3.558144782518366
24.65979270073194, 3.5630019047313084
24.626868581919716, 3.562852408264545
24.55001061075493, 3.5599927764035444
24.71705720453726, 3.574329437937746
24.807795863864772, 3.581823571511424
24.702413154300306, 3.5752890614220885
24.72933525679654, 3.5776648019904567
24.75588354429557, 3.581469244521049
24.82095871734324, 3.59195144168962
25.031951133767986, 3.614717349259646
25.181567755010644, 3.629680803802395
25.063366810989315, 3.6291212178170573
25.111309454467953, 3.6360465368222545
25.226260302828685, 3.6469178523840435
25.168158426829855, 3.643772532992582
25.247717002846194, 3.6547637675039963
25.263153941549568, 3.662845252610862
25.478394969865725, 3.6892217160005636
25.712065312172832, 3.7150412847144594
25.755776614161483, 3.723484891043591
25.672170004618838, 3.7254307684086596
25.992990879805905, 3.752430273252094
26.014650732949352, 3.757709148789097
25.882684528182125, 3.748285500089956
25.94074420313965, 3.75617415352228
26.083784387857538, 3.7719721226249243
26.212283379870495, 3.7965819126564426
26.15342812562874, 3.794670118859333
26.401597618562285, 3.816832738687368
26.299928309942768, 3.8125842075206435
26.36168132908762, 3.818192463329197
26.34634037121055, 3.819317739536949
26.46520556717413, 3.828772302894496
26.50399349053186, 3.834387972959747
26.616568767315627, 3.847364716050585
26.574768665530474, 3.84740911354499
26.52949971757783, 3.8464203602079223
26.595584099607454, 3.8526657258383974
26.86332152244025, 3.885244285012625
26.79644746355474, 3.88172149691212
26.927440271626374, 3.896214702225828
26.82586459805994, 3.8911108181133747
26.956698885450155, 3.9015400465513634
26.85912768038215, 3.8964952601760956
27.102496994324138, 3.9187382399088095
27.09564609242899, 3.9194034164797404
27.238850850540118, 3.9367348023703315
27.04498186834258, 3.9274960425361467
27.152948194735306, 3.935658513282962
27.163498207089535, 3.9383471918615482
27.260268425926444, 3.947790235554282
27.243951945883616, 3.9471447771678747
27.353874449231768, 3.955644785669878
27.316799868782347, 3.95998426211537
27.498238534041725, 3.975940733354384
27.491981674156897, 3.9801872379860326
27.46803300206656, 3.9801749876062953
27.574022166642525, 3.9880284747527295
27.602535864146663, 3.992180927274167
27.62421395103332, 4.005125528363493
27.786771754540403, 4.0269837938792685
27.982868871273002, 4.049482376033944
27.899111408955516, 4.044417797591624
28.07695099469554, 4.060178419401017
27.913621623576248, 4.049401405961472
28.03769476846161, 4.060330872093487
27.993320132032565, 4.058641733385144
27.900008044668674, 4.0522555980693316
28.030175920686776, 4.062806663584544
28.166617315843283, 4.073102147267004
28.044932772160504, 4.06852851294684
28.049339159781173, 4.0739724838663545
28.309403624758005, 4.094980570981483
28.27979271288478, 4.097792566877325
28.271586948203762, 4.1008028385498285
28.386176825309896, 4.109610686426423
28.361675123714313, 4.110871140000536
28.44473383832484, 4.121081285305645
28.524486890344978, 4.133868811946215
28.544025070073467, 4.135452054877901
28.510602157863996, 4.134277343952277
28.523035810996053, 4.143364152497033
28.719570502607, 4.157916713649299
28.654650799497517, 4.156321667249007
28.840972536377944, 4.178490602229667
28.842397914897326, 4.179920414655378
28.90069087056203, 4.186552981102165
28.89192221738842, 4.189541186443719
28.969681434949376, 4.195333831465439
28.913022485421312, 4.19443549929541
28.961216390477446, 4.198949639086955
28.93319031239687, 4.19914306480823
29.030819788717228, 4.210926854742453
29.074528354898387, 4.218519036552177
29.108303307460275, 4.222124456858302
29.221296332693562, 4.2317462147253755
29.140753441554416, 4.226856245745767
29.313154245997232, 4.242018211061618
29.216248853554664, 4.236559367547798
29.411869775656236, 4.2593707241774155
29.343357312190843, 4.260653100092495
29.445364526725164, 4.269743114489166
29.444422577915923, 4.270894711647328
29.37952582830045, 4.267770707934792
29.647294448661118, 4.292219927949095
29.567419024752876, 4.290639991259342
29.563984462746816, 4.292629709180382
29.521502915664392, 4.292210772777813
29.87915989277959, 4.323905246114356
29.7541918864085, 4.315842017547418
29.696092158742225, 4.312460547239267
29.800992037625626, 4.320117354218828
29.861250903715195, 4.332597083601361
29.855467243541874, 4.333079173004362
29.80960750006501, 4.332823938612342
29.933962384018184, 4.347046995965218
30.038552725535126, 4.357072805292989
29.997386584353276, 4.3568934160344215
30.133762539219372, 4.368331930056943
30.053310845951263, 4.36308030076532
30.20172077654637, 4.380099291328185
30.238795437038984, 4.390670228805393
30.263536713225296, 4.398787474677463
30.33143495197348, 4.4092958695442
30.440564564601456, 4.417319450285772
30.408620292501205, 4.41530199077895
30.557174082082337, 4.434825142250449
30.60219216094301, 4.442099848730005
30.51434122829895, 4.435937061664294
30.65799741715446, 4.4482217498011485
30.70901340373812, 4.453688726286213
30.642435123038304, 4.4545391796702845
30.68125245732846, 4.4574376721162885
30.752285766122696, 4.467156614099738
30.789731503522983, 4.473155722105881
30.814324275843116, 4.480761430034674
30.86715592229841, 4.48584736955248
30.91764826634529, 4.490450774994154
30.95965245995488, 4.493955604673176
30.968127883156058, 4.495870048490131
30.957983642613122, 4.4997489708553635
31.09681088825397, 4.515861772416418
31.176929817011942, 4.528187044223452
31.121708745070375, 4.52422464875315
31.173924707829617, 4.528415285087017
31.303375115849864, 4.5398293142870045
31.19416580053356, 4.532693753107464
31.157933859569493, 4.530159604495087
31.327716203687025, 4.54338960288221
31.197154911291193, 4.534495561708731
31.28465707180301, 4.541733280237443
31.173967314044038, 4.535168199896089
31.18916255423293, 4.540844950108755
31.473461818655878, 4.576600626331466
31.43769065410439, 4.574979609473595
31.445999039925812, 4.576151494398301
31.56990628106685, 4.593407641750559
31.747151905222573, 4.607586406758976
31.66947963206791, 4.602469051164066
31.55825632979056, 4.595225019386297
31.564098541486825, 4.600147348204257
31.63278271445679, 4.609570749911664
31.96324487935167, 4.635528440727652
31.928063816013534, 4.641318578681705
32.23267365730425, 4.678737434402642
32.09936303444546, 4.673364142406893
32.188691654286465, 4.682812404589185
32.141522092612846, 4.680031993460016
32.18120478141101, 4.68661585622365
32.32066081034076, 4.69779298846656
32.26821722784779, 4.699242235928504
32.16850046114935, 4.696062167486256
32.3347832335326, 4.7089117743268645
32.31052534343099, 4.707628565191532
32.32856903360472, 4.710917228935691
32.43131405102974, 4.720884523884583
32.333095843301855, 4.715926088770017
32.59736593653384, 4.735783683842773
32.26522793695524, 4.71453194636781
32.57006541040829, 4.743162081767422
32.7548101982537, 4.759461911846549
32.61956547768918, 4.751010017753516
32.62820061712744, 4.7537822380165435
32.73190975184461, 4.76531839616032
32.7139570451467, 4.765542849644266
32.708841936147856, 4.765643412906681
32.76316781905513, 4.769824851422239
32.693054783115265, 4.764764259484148
32.74737720499712, 4.7697597534458875
32.76724930193626, 4.771269293853197
32.911949263102386, 4.782332455693208
32.93073177007378, 4.785036774349931
32.87311839265943, 4.780932053528512
32.98319055356164, 4.791965706020058
32.8267459267512, 4.7806591187104726
32.755440057044986, 4.776659978688309
32.85342054586882, 4.78440993311666
32.92239021056978, 4.791667566064641
33.04222930917478, 4.802601516686564
32.92640776142092, 4.800810974655351
33.0478953577593, 4.814945148953795
33.05046795639772, 4.815298811399133
32.85694637259991, 4.804049126097422
33.166818107613146, 4.827910594250555
33.157276608665214, 4.828783465705577
33.16461957299981, 4.829808566761462
33.22216451152435, 4.83521487777492
33.137322698228274, 4.829517281203223
33.02654529755072, 4.822044690872819
33.21758652653952, 4.837555062488754
33.027034046856926, 4.825173875949813
32.90227778468152, 4.816488379477819
33.33337532625496, 4.84998507473733
33.24610718258167, 4.84382937502193
33.2342176255961, 4.845041689056197
33.25890826782244, 4.847101220411096
33.36822460827828, 4.855858839828195
33.20288437112159, 4.84428023240502
33.378361084849416, 4.857295557195795
33.21217437244153, 4.848445211442105
33.195102912551974, 4.847366811639666
33.457596784703995, 4.867318060315997
33.23925228536928, 4.852473346001271
33.54910471592442, 4.875567355135184
33.27417615775492, 4.856768116070717
33.43526347597188, 4.86924025338735
33.21815696413097, 4.853716524731532
33.34905309072442, 4.863307750431544
33.33080185493355, 4.862072502026426
33.26277428957841, 4.857314738206801
33.41847035801504, 4.8690430572182315
33.209684343001236, 4.85407424047642
33.3326576341463, 4.864525251442899
33.192817382453676, 4.854692087305887
33.23325560235705, 4.858357868854981
33.28383733022347, 4.862603214828407
33.24490106675244, 4.859952837405752
33.10859621224052, 4.852003983875177
33.24329342511213, 4.86191829688199
33.253931136456394, 4.862764464428661
33.20514214498069, 4.859388738137673
33.51192399114731, 4.881826036397247
33.44402878678884, 4.876959232278765
33.34186441765795, 4.869697702110451
33.43805587129358, 4.876997250980175
33.34862162767603, 4.87056624752437
33.36170037260247, 4.871856192259758
33.46259310706701, 4.880584975536683
33.51695571487861, 4.884795075644452
33.3035636779339, 4.869357307136692
33.17978395688482, 4.860398731932595
33.33027224913931, 4.87234275246229
33.42501651922879, 4.879482966431905
33.17913094324249, 4.861721641629832
33.427900945081305, 4.879916025522044
33.44161198739522, 4.881208571038417
33.57352551773241, 4.891444421273709
33.37847149149501, 4.877227332291107
33.4300602474817, 4.881074078587872
33.57269808425078, 4.891500209414776
33.56417207765607, 4.890923765363288
33.62518730107549, 4.895450902531088
33.35492263210324, 4.875957520927942
33.57690951757103, 4.89283901542586
33.38209256266821, 4.879232802234214
33.59063783524247, 4.894775323923037
33.50170475822626, 4.888544176232276
33.49044299684479, 4.8883999309455834
33.50879520696473, 4.89019786291345
33.456365005379965, 4.886406070357549
33.31339919231239, 4.876092153698705
33.523394618985726, 4.89248320564785
33.52439909994374, 4.894122502192945
33.444500441051325, 4.888402033713068
33.542059396717406, 4.8958796997869465
33.556784357466555, 4.8972721883923604
33.58916269028598, 4.899836855677557
33.46764071859631, 4.89171834696737
33.60197810772975, 4.901626781977437
33.60528124958678, 4.902820914246699
33.388314958805964, 4.886978293597394
33.537055475245424, 4.8995204195250714
33.32795120443056, 4.884235723157022
33.52274000271944, 4.899004962689608
33.502332093538904, 4.897682167824781
33.11657619021093, 4.869624098944351
33.35669638797522, 4.887651108674113
33.62389594476697, 4.907804635365138
33.42471508764717, 4.89384379967914
33.57098104452634, 4.904560100816823
33.60863946799203, 4.90788233820661
33.6170962065822, 4.909761026676073
33.41986249639188, 4.896954574564189
33.6312869796954, 4.912617140795105
33.623686377746715, 4.913938772106452
33.46884728199265, 4.905704233830461
33.69907462496095, 4.923212412337509
33.43124745045194, 4.905532005161361
33.67077015314828, 4.9237031308088826
33.560826323765106, 4.916029741370688
33.77174699272072, 4.931673097484206
33.64711726760119, 4.924064784649122
33.67948053582232, 4.926724768270542
33.465210935751834, 4.91199559486495
33.670859296579174, 4.928460933656759
33.648653325771534, 4.933628439005615
33.543540326167516, 4.929059866779785
33.99761226682151, 4.979330391399112