1.0354152472077904, 0.15
1.0351144072019605, 0.15
1.034814249388095, 0.15
1.0348124438032442, 0.15
1.0348122194901763, 0.15
1.0348105826134613, 0.15
1.0348082877461122, 0.15
1.034668511642969, 0.15
1.0346640460334646, 0.15
1.034660581964041, 0.15
1.0345123275105663, 0.15
1.0345109575872813, 0.15
1.0345098398734704, 0.15
1.0345079352005953, 0.15
1.0343559127553321, 0.15
1.0342108164269315, 0.15
1.0342094838566331, 0.15
1.0342063279942577, 0.15
1.034059119965466, 0.15
1.0340576042510874, 0.15
1.0340557448507826, 0.15
1.0339106592855467, 0.15
1.033902367112701, 0.15
1.0339015272737282, 0.15
1.0339009574685558, 0.15
1.0339002173656748, 0.15
1.0337620282851998, 0.15
1.033754961164713, 0.15
1.0337533749006282, 0.15
1.0337480925777038, 0.15
1.0336061644692622, 0.15
1.0334511873459644, 0.15
1.0334484490372429, 0.15
1.0334482686376902, 0.15
1.0334467972251873, 0.15
1.0334467867455026, 0.15
1.0334442446713308, 0.15
1.0332995433443715, 0.15
1.0332972609008337, 0.15
1.0332967047789305, 0.15
1.0332962862589752, 0.15
1.0332957803753184, 0.15
1.0332952811121556, 0.15
1.0332925284342012, 0.15
1.0331496204310713, 0.15
1.0331495122630168, 0.15
1.033002334609431, 0.15
1.033000881943291, 0.15
1.0329990028439653, 0.15
1.032995832422595, 0.15
1.032992096798379, 0.15
1.0329911153536686, 0.15
1.0329910475442894, 0.15
1.0329904528029878, 0.15
1.032845815581905, 0.15
1.032843090861344, 0.15
1.0328408821692519, 0.15
1.0328396493305887, 0.15
1.032836134172537, 0.15
1.0339207485521595, 0.15009077127536674
1.0325363685811006, 0.15
1.0325292267532848, 0.15
1.0347187154671516, 0.1501620615735515
1.036856539851554, 0.15031854544920442
1.0323862573984757, 0.15
1.0323850237893666, 0.15
1.032382646596756, 0.15
1.03238109778283, 0.15
1.032379921532009, 0.15
1.0323761783626395, 0.15
1.0322308265950313, 0.15
1.0322277157222686, 0.15
1.0322228574914785, 0.15
1.0322205304702545, 0.15
1.0322200880730572, 0.15
1.0319253524842056, 0.15
1.0319232713665267, 0.15
1.0319213965157052, 0.15
1.0319188103263375, 0.15
1.0319140037057517, 0.15
1.031773118017101, 0.15
1.0317728946404348, 0.15
1.0317603543824037, 0.15
1.031622058021187, 0.15
1.030688486885714, 0.15
1.0366017214000867, 0.15045760012459208
1.0379982527802765, 0.15063788304256853
1.0383082931138712, 0.15079448002281826
1.043717522976209, 0.1515124294144803
1.0488594303116876, 0.15190356619955647
1.046719983570104, 0.1518598010772303
1.0485203915566077, 0.15223228431785518
1.0458916060392798, 0.15218894585322928
1.051497039714017, 0.15266414612004553
1.0539203493214337, 0.15290324246048748
1.0541267620542198, 0.15300145912472907
1.0504623280790486, 0.15278622450980706
1.055116700136159, 0.15319016307544775
1.0542289945444103, 0.15319695979487502
1.0578889602732455, 0.15347917410763845
1.0553528548018423, 0.1533145005083485
1.056858752608683, 0.15353444133169347
1.05937365933124, 0.15371793135671208
1.059432089543364, 0.1537712695689324
1.0692919968491923, 0.15508846950327992
1.0723048922722775, 0.15548088465197996
1.0740181590501892, 0.1558880650461596
1.0750942923100424, 0.1559752305222455
1.082364782105841, 0.15675584643607898
1.0807111787551447, 0.15688283151309257
1.082469227954405, 0.1570923420571395
1.0887241480806722, 0.15792963774380375
1.0903257746796367, 0.1582083087661772
1.0903254409247338, 0.15834836042429234
1.0965730356444818, 0.15902174137076663
1.0961931148761401, 0.1590358873530544
1.0940580122669892, 0.15893808627608852
1.1139320670374018, 0.16132739934271711
1.1113972742297786, 0.16114757104598798
1.1182934550838695, 0.16188932790290256
1.134499294634909, 0.1646671527178727
1.1370888144119065, 0.16489802273668186
1.1503442327110505, 0.16691847124824122
1.1541630954741615, 0.16737341596550426
1.154052325728793, 0.16755514425277607
1.1632570440219479, 0.16854500147681684
1.1662736291655995, 0.16895786561162573
1.1876597567269593, 0.17210563671225465
1.1956349980804295, 0.1731855411832166
1.1988794684433888, 0.17421727088083028
1.2164334081330772, 0.17627580724010983
1.2169145872868847, 0.17652422167726378
1.2268981284419762, 0.1779997332477583
1.2265684050180972, 0.17810858879734592
1.266342613708619, 0.18382995623454512
1.2771507894182486, 0.18520937936622062
1.2835577610311502, 0.18608378692988747
1.2930378684715051, 0.18751188762070203
1.2977495068280547, 0.18822433290319562
1.3126039546299144, 0.19043422317081493
1.3188668766468636, 0.19139977742961545
1.3251529433991849, 0.19200232353065605
1.3444501650932812, 0.19502564169865
1.364199612041481, 0.197573393225408
1.3821129004254513, 0.2001096702073406
1.391663484196062, 0.20166872596546082
1.4175730910133177, 0.20542250448128563
1.4546895596869767, 0.21064870191943186
1.4553749534209577, 0.2109315533942029
1.4524807846451266, 0.2107890279805762
1.4688939902326204, 0.21279709657643853
1.4619157448621032, 0.21234702896239455
1.469742467641028, 0.21310762328920418
1.4728883995411612, 0.213720250452603
1.4907059316781466, 0.21592678147038846
1.491238065764127, 0.216287877251629
1.5004853941475766, 0.2175335706285324
1.5054929293159474, 0.21813128626513567
1.5094201453860039, 0.2188933619447786
1.5115107592083121, 0.21909968559898285
1.5248995406378127, 0.2208788314755621
1.5349974535018744, 0.22250299727341982
1.5416289448470788, 0.22349821282650773
1.59527947066676, 0.23131046350693296
1.5975371933485152, 0.2315359695514978
1.600843897752357, 0.23191269067595766
1.6515127107685896, 0.23897673849216083
1.6713127995794161, 0.242334467806125
1.6871785720901629, 0.24463547965364363
1.7426391312489167, 0.2526764592561941
1.7576863058071672, 0.25423113465514113
1.7744435647751382, 0.2571741806950927
1.7821644910391499, 0.2582564897938271
1.8287524378371913, 0.2650853834642879
1.8282248977169202, 0.2652018428745855
1.8505945289499233, 0.26797863889416007
1.8801928551750937, 0.27250142805355804
1.8864070983693157, 0.2732030039225535
1.8989483701438699, 0.27501992782847307
1.9113724505532208, 0.2767380256709666
1.9487010616360263, 0.2822667142336881
1.9729033455465814, 0.28581358999093354
1.9681380216320017, 0.2854999281907
1.9759929717278921, 0.2861360670523654
2.0204024946203343, 0.29273840095598747
2.0338410685569297, 0.2945141066180579
2.0422376934989126, 0.2959005066387581
2.0731355578629116, 0.3005103187608382
2.0824182263521744, 0.30167878627691813
2.0848014367984664, 0.30198125584083346
2.1112502751446836, 0.3060793627452867
2.128097032398004, 0.3081182942585663
2.1418667494692736, 0.3098880362647787
2.2172096201345477, 0.3212070488603329
2.2232606928803693, 0.32213059938316846
2.261046963096201, 0.3277479875778093
2.281691932851193, 0.3303085093336282
2.295449460156962, 0.3326387509839561
2.3133009193993863, 0.3352229178197268
2.319824626797702, 0.33631855399894217
2.342783818603643, 0.33939802766539007
2.360382592382338, 0.34199811401044045
2.36545129598793, 0.3423853317314274
2.3629183906461084, 0.3422662245722812
2.3902292981351856, 0.3462727331732145
2.401410540678973, 0.34784080955056407
2.426714114731669, 0.35130315546628044
2.429646751892399, 0.35172749119377666
2.4517925038686914, 0.3546771257218344
2.4627861349660902, 0.35626780484725273
2.4835763457550075, 0.35932690716579163
2.5039340991000003, 0.36263813161195024
2.5058782737754304, 0.3629210713213542
2.525064734506058, 0.36575338474141184
2.536938999979401, 0.36715328851871387
2.545041977246221, 0.3686466683014178
2.564860161160202, 0.37151713033710276
2.5678905445431788, 0.3720641546646757
2.6116111986612545, 0.3785651496051301
2.6212115594244927, 0.3795142888467522
2.6410279903888396, 0.3823839488265923
2.6479928274172937, 0.3830050598674122
2.6410639573459744, 0.3826110784755592
2.6703825408136477, 0.38635411100239647
2.6771240335195925, 0.3876092783701628
2.715138118503263, 0.39311375479445854
2.736520819551854, 0.39672758785078077
2.750137558273743, 0.3979514556233976
2.765037169772542, 0.4003969502577176
2.784655189407472, 0.4035897116709375
2.8213565995069483, 0.4090274037746937
2.8367851705006664, 0.4107862320968385
2.877298069580991, 0.4168953284440251
2.8837836749734818, 0.41759176909917084
2.932059352879379, 0.42489153196493046
2.960715484911351, 0.4285462823363888
2.9661057162665525, 0.42920208727429454
2.9685232589174895, 0.4295525713823194
2.9681340812823236, 0.4298692545916927
2.9620069106813456, 0.42948310126204703
2.9755953773618105, 0.43070001385412215
2.9875535679398317, 0.43274475187233197
3.0071574065474755, 0.43514017704293906
3.034866417883428, 0.43959761384168683
3.029321129416394, 0.43930737251972385
3.0693819570509766, 0.4444041105111962
3.079157601759649, 0.4454971841360793
3.0782688996751877, 0.4460764731323179
3.1770114779898604, 0.4595886015513022
3.199293821174683, 0.46307930834425637
3.240455832101645, 0.46843077452503046
3.257438174579875, 0.4714954839037233
3.262169682300303, 0.4721799596383791
3.296889439519184, 0.4773437661211366
3.308657279748148, 0.4791866334508432
3.312380679447063, 0.4795173283732401
3.3220686915294917, 0.481059222980873
3.3321449675592874, 0.48223933020423715
3.3359784614016506, 0.48265517132812175
3.3464686694392247, 0.48445227665216084
3.3738957971163317, 0.4885640981634731
3.385086783805412, 0.48968863354969017
3.38770232416412, 0.49013639927610253
3.385319272576596, 0.49007564520217084
3.411801132020316, 0.49327092230252667
3.439427163126672, 0.4974076972266195
3.439593533676657, 0.49858562404176077
3.4567294976525584, 0.49998119219379955
3.4881190963299793, 0.5046648890070164
3.5030769352438815, 0.5068308492660645
3.528521207200978, 0.5102190408978835
3.523207222560193, 0.5108555230145173
3.5778712535199535, 0.5172806694354293
3.5897909927668255, 0.5201299815389326
3.607918919532492, 0.521849689970324
3.632047071841836, 0.5256420922558585
3.6363038528634717, 0.5261825099849116
3.6340596979030204, 0.5260852882950262
3.6521792058722453, 0.5280231216026925
3.681319459083475, 0.5320845035650361
3.6704578449645204, 0.5315856863118489
3.696488195903332, 0.5352005959485151
3.7185870224225708, 0.5380118273615642
3.715542215331283, 0.5378040763443392
3.7383698065167414, 0.5400994367801415
3.7335770758954347, 0.5402573269928084
3.774291130714053, 0.5465423479424718
3.8007582784176597, 0.5495843867099186
3.8273204415517483, 0.5532659920487131
3.8359918980969354, 0.5546791191318334
3.8663024302855304, 0.5596255468648215
3.874004629247997, 0.5602561044045862
3.8754634378192154, 0.560628216781498
3.8830554702118607, 0.5618883589790347
3.9006771635839903, 0.5642746916562063
3.8980452310809306, 0.5648760186311419
3.9133075204090244, 0.5661025784918294
3.921464354044053, 0.5672009810153771
3.9245239712339077, 0.5675621236910722
3.9388536519209887, 0.5696345226030068
3.938085668381383, 0.5696872021967385
3.943417897819372, 0.5703766863678217
3.9914083038632553, 0.57781812245016
4.020043728036683, 0.5810430650899301
4.033305291469308, 0.5837973643950383
4.051295806743498, 0.5857282319372992
4.061929951763545, 0.5869301501991009
4.054763075401133, 0.5866498465262087
4.0697049036045545, 0.5884734993318634
4.094749976828541, 0.5920944907816299
4.087144255224798, 0.5916770710197738
4.117048495351947, 0.5948087896325998
4.123561756364242, 0.5958356524038733
4.111640562429471, 0.5950506603229471
4.135734862989677, 0.597592898011599
4.14530674693407, 0.5999236923830376
4.155401776614729, 0.6012979607948932
4.175827900635211, 0.6035603480421425
4.250601928758128, 0.6143677604194169
4.25319922720252, 0.6146550558654145
4.287297369619661, 0.6199379157397678
4.311230376358747, 0.6228630779272564
4.321338714025094, 0.6247708319334455
4.343694246796891, 0.6277326212453564
4.349280705566231, 0.6288108975111184
4.373594136430255, 0.6329632445258326
4.391591677978331, 0.6355667870532633
4.403481586938146, 0.6367379525959427
4.4429103839934605, 0.6425316901337963
4.44051981963827, 0.6423701912888484
4.47374299638723, 0.6461596559572991
4.476398803355163, 0.6463600046307283
4.491641161669871, 0.6485600563132614
4.492562507136099, 0.6499926269716383
4.50460311023428, 0.6510801819191014
4.559827326725397, 0.6585933227475893
4.555881257036293, 0.6586803625063142
4.565084922788371, 0.6602947821164422
4.57882865148073, 0.6619979878574389
4.579971561921682, 0.6627345467099532
4.6019616577249485, 0.6645848036692881
4.585709536244754, 0.6635648514305714
4.6670857458341715, 0.6752433164959903
4.6927029685592725, 0.6781709911914984
4.702925844869182, 0.6799400236650488
4.713741787491081, 0.6814058553137992
4.726103895206146, 0.6829979640754491
4.756847054787137, 0.6873425323602955
4.775863320725203, 0.6899924383284928
4.795405580893299, 0.694209405636772
4.914287780482387, 0.7096889201012813
4.9946672734476865, 0.7217066483829448
5.017492071370749, 0.7245935095251399
5.0108533171590235, 0.7246678966825737
5.011231279746124, 0.7250351243153474
5.028796197986991, 0.7267434710971887
5.0396929164607185, 0.7279022373639892
5.044117610547578, 0.7283347232661175
5.036521430283739, 0.7278588136820296
5.060633695736065, 0.7315526214137869
5.074678905273864, 0.7334778145693877
5.0902116021900845, 0.736039193930984
5.1145273879231565, 0.7393434102523244
5.12936593334796, 0.74148805612404
5.155292541343598, 0.7456643429999454
5.1710427202566045, 0.7476195875999325
5.203410887310233, 0.7522999856039236
5.212326580855588, 0.7540212819241843
5.255600711772076, 0.759196301802989
5.260738195652579, 0.7599370235457847
5.282728393365458, 0.7634400451462975
5.291983842502333, 0.7645597654943392
5.306887433257399, 0.7663862366305496
5.288098967494809, 0.765314346071726
5.312990039781103, 0.7679229268167154
5.31797001719504, 0.768423508983731
5.323344707608588, 0.7689818065770737
5.403685715046824, 0.7795930318003164
5.3835762544799515, 0.7783477503095826
5.394038792157453, 0.7795271132983128
5.442141018381492, 0.7859184998494007
5.4383763718704765, 0.7859342052287444
5.481856026994548, 0.7921041250078842
5.479668425065761, 0.7923544292206053
5.508382632315039, 0.7959372673161136
5.524786825748645, 0.7991078080925584
5.541944487243626, 0.8006733050753656
5.559667356301817, 0.803348068539842
5.586004814290167, 0.8070382252895714
5.5820302319924275, 0.806809362437555
5.606356717519549, 0.809748297867543
5.628177127315917, 0.8132476146852818
5.637903980396731, 0.8141891454521266
5.650268060125611, 0.8156293462693709
5.671073914680483, 0.8190962700274129
5.680635809476242, 0.8202447622668485
5.689901092090787, 0.8221661919643353
5.695313533047916, 0.823302028837376
5.704522837677315, 0.8241619305015924
5.774757729553075, 0.8335992825487404
5.807028744874735, 0.8389721502596048
5.826654384295707, 0.8407340999310531
5.8388221792156685, 0.8432053657286387
5.888669665142996, 0.8516182843209297
5.928510458631058, 0.8559142985967227
5.930751017907922, 0.8569689646870104
5.945967670153818, 0.8584366320446524
5.973117469910966, 0.8628449431858343
5.974144447819543, 0.8633619247231383
5.995014075889746, 0.8665017448837409
6.027370738583724, 0.8704343782265367
6.031364425128748, 0.8708873861832744
6.03973781673203, 0.8732158830142644
6.058107453662445, 0.8747488734108444
6.0628500092542215, 0.8751852836695972
6.102555972444023, 0.8810415165854479
6.122875220554585, 0.882732332091245
6.132430522505921, 0.8854816276672617
6.1538777550584385, 0.8883274796237295
6.151338837950211, 0.8889699209331647
6.173792021916195, 0.8909481489755944
6.174341239456822, 0.8917860897923369
6.182042395392393, 0.8927717967640492
6.19204572739086, 0.8935827663699891
6.192599339977312, 0.8941691683897268
6.235176508257933, 0.8999350930481231
6.266644221969518, 0.9048607080916238
6.28275939898608, 0.9077030010887421
6.3013408227933745, 0.9094844721731299
6.449242741231366, 0.9321532934888248
6.45981333731086, 0.9332837779689518
6.478414383739266, 0.9346472649802795
6.561394439251451, 0.9460872597967374
6.5734299189429155, 0.9487563919868158
6.577387995527141, 0.9490611500173873
6.627140318499455, 0.9567790708313462
6.637339943972932, 0.9583880786040488
6.642938546729383, 0.9591959187707833
6.694472398396777, 0.9659539159509256
6.690602571398661, 0.9660791935709545
6.728131838654062, 0.9717725520570664
6.744718894161799, 0.9747240036882587
6.786135714396022, 0.9778091170680625
6.8056723149911775, 0.9811713707682435
6.790595053867744, 0.9801001038461132
6.7851047293993485, 0.9805608499505603
6.819549715073959, 0.9831731417129141
6.800457141759214, 0.9823587848513071
6.8629694584866145, 0.9904062628147736
6.847494351747795, 0.990002246609194
6.862507465337017, 0.9917471186773286
6.886367053133867, 0.9940639915086225
6.866650037205841, 0.9931980644900396
6.8872311287242205, 0.9947532251245716
6.912022831871369, 0.9977681011601902
6.916157626140744, 0.9987900127571514
6.9132596926009455, 0.9987962403740003
6.920908296783674, 0.9996185479380193
6.964580902295263, 1.0050707816930515
6.978570515269068, 1.0078033254402996
7.0067655513423155, 1.0113019914227195
7.054878927104968, 1.0183894220936507
7.12078075940074, 1.027467184837172
7.134942689682719, 1.0295112877438006
7.1624671615933515, 1.0336286606331724
7.172325245462729, 1.0350509446769252
7.172901296120074, 1.0352807335896541
7.19064716340304, 1.037110242143271
7.240509781299662, 1.0454819634165036
7.299583753998737, 1.0514999653018098
7.31571682987794, 1.0548534619578742
7.318535340296771, 1.0568986123561608
7.382423187234299, 1.0650702049643623
7.418720465931429, 1.0700061686136708
7.49586612181019, 1.0812842533106481
7.521817056005074, 1.0854874162340655
7.548316834707449, 1.088393487758581
7.583602459455908, 1.0934804499872541
7.687846689554492, 1.1096050019031267
7.787279933125433, 1.1220667481290825
7.791486661062724, 1.1248820184167618
7.809069839188406, 1.1271010383686209
7.819346337286308, 1.1282668175815358
7.898145790007621, 1.1404424926971313
8.050850660656959, 1.1597194213263862
8.03546423831598, 1.159941873299517
8.123263545998412, 1.1719544596374787
8.291441729273146, 1.1947100589006654
8.361892628978277, 1.205704377198824
8.367543361375787, 1.2065190446362406
8.405075955789346, 1.2115923673076967
8.401271457886082, 1.2115516749651034
8.612494500263292, 1.2427127950878392
9.12380152160884, 1.314462702967445
24.776344882696808, 3.567298487361721
26.008625052003506, 3.7509875362205847
26.056205934639237, 3.7546929466839885
26.215891232211554, 3.783004643514176
26.53466248761026, 3.824705023054884
26.566122949181725, 3.8308474222011135
26.629806864385298, 3.841645817639061
26.639551756572217, 3.8435946828769207
26.832329990536074, 3.8622299175115415
26.874424850845802, 3.8774811991219726
26.936082601721452, 3.8852776223520857
26.93713051601817, 3.885980172320296
26.972916495165638, 3.890594010206203
26.998942541854703, 3.8965464205555866
27.163104155818736, 3.9136413100345147
27.123755142298194, 3.911251996924916
27.08775077430985, 3.910463719784305
27.12284009933145, 3.9138694107005323
27.265478016499873, 3.9289421054296936
27.275201536848925, 3.9325393738854775
27.236673283258092, 3.930295633070857
27.301647182084817, 3.9402246937498653
27.470337573791745, 3.95789990702466
27.371985346618363, 3.952055840764639
27.547847954497705, 3.9701794863319817
27.53271805492234, 3.97133348167217
27.536192047912415, 3.975198839379548
27.531061229928426, 3.975021828413836
27.556204631748507, 3.9786534217317415
27.5642425920711, 3.9832136328637002
27.66695286265129, 3.9918165137277413
27.757055091729473, 4.004257185077997
27.797566313201802, 4.015781337304922
27.799459727617947, 4.016054759679295
27.918598784734183, 4.0275633825597446
27.858887470907813, 4.024638009881287
27.97961084417272, 4.035229048165876
27.97232326396607, 4.035308583576485
27.976081427016286, 4.039846493653569
27.989036149814346, 4.041139684829078
27.990917525347516, 4.041416438158176
27.95055334027007, 4.039607292874026
28.04936973970169, 4.047563819986637
28.055229142848003, 4.048978735485369
28.074728509576254, 4.053516878934751
28.07906520681722, 4.055291327575721
28.12119831453732, 4.060226854015778
28.18343018060806, 4.066335951472211
28.136325239290134, 4.06298823544029
28.18595533899616, 4.068998415350795
28.166059664388413, 4.067856148808673
28.228398934025602, 4.072822509937302
28.258272836267096, 4.075984811940643
28.26984346760664, 4.081110558831753
28.228547694727173, 4.078620282684233
28.22118237594371, 4.078135246101189
28.288331759843942, 4.083775861198138
28.37104202185871, 4.093402115791918
28.358875133085586, 4.092801956042589
28.353416255879033, 4.094330406269195
28.33617536596504, 4.095336518468757
28.433747412621777, 4.103028624400236
28.403882448360086, 4.101034258200054
28.420057712856494, 4.1022151391218165
28.465538682295776, 4.10646137065251
28.43142034523838, 4.105014076501905
28.401701948106385, 4.103635273489057
28.47874578380957, 4.1130116070501455
28.48459213714795, 4.113858083711648
28.540375237415688, 4.118997055924658
28.52918345455488, 4.120291956585231
28.626103310135562, 4.128457964962058
28.571712185951707, 4.124683098060311
28.48871153803555, 4.119147727398209
28.61009905575098, 4.129637450597086
28.584844384971316, 4.129505478886575
28.658142182648593, 4.137157548150783
28.633766758938044, 4.135400506356501
28.638535335934755, 4.138440263609868
28.704340059455006, 4.144418342163241
28.663629249842888, 4.14207099337327
28.74283337843404, 4.149383366460251
28.73792089963727, 4.150442929608489
28.674956176443732, 4.146074735162948
28.758755009213477, 4.153453151953692
28.75469012088964, 4.1540449704913796
28.778887368746343, 4.1575335340877535
28.8170722064211, 4.161871797166592
28.922394382948937, 4.178272037934283
28.942156957789695, 4.18052776719765
28.930036886809834, 4.179967458675615
28.944524980916675, 4.182653367969231
28.91107985796856, 4.182002973193512
29.032561344094052, 4.1912089775618755
28.911352343047955, 4.183259183225756
29.027421681015277, 4.192843833712314
29.018475369892403, 4.195145335113937
29.107235318285543, 4.202582412820701
29.093436891653333, 4.202979248463876
29.105749169650814, 4.204754478742179
29.10859558671542, 4.205167126718776
29.098879236585336, 4.205558145335124
29.14847923142936, 4.212733178826156
29.162463931387453, 4.214146336669469
29.199210245735763, 4.217060743207877
29.211047930396, 4.218770017448432
29.223215811241428, 4.219929251799437
29.171997380966168, 4.217330830329873
29.233533665071825, 4.222016794911325
29.199993204395206, 4.220173088951733
29.13901428473159, 4.216804812349637
29.233021866189645, 4.225555739143738
29.228654271769006, 4.226131421646908
29.351217183927954, 4.236008839106553
29.285594096791154, 4.233760152732451
29.368526968137893, 4.240308102121628
29.298454604237065, 4.238657623923365
29.343447286242117, 4.243338017969012
29.41887718940679, 4.249387881261892
29.431543151826304, 4.25060978315523
29.47733760980037, 4.256021573860989
29.421222376481374, 4.253969848056216
29.48469673296298, 4.260105042190752
29.480427856929786, 4.263144907694549
29.455182051099463, 4.261331078357915
29.54178791331725, 4.268958801271829
29.557274228743168, 4.273025146064433
29.610943389896462, 4.277131049477432
29.672540961957832, 4.286021802430149
29.579817475176252, 4.279358334264454
29.668488103832942, 4.286045052928196
29.64305793951416, 4.285432983415567
29.58119961038371, 4.282029047455551
29.655631533152278, 4.288479786050443
29.727800456565973, 4.296452585663226
29.736146079224397, 4.299505940685737
29.711298209657993, 4.2989981137148225
29.778130894564057, 4.304961315199489
29.785919653224216, 4.306083321042018
29.85375041446096, 4.31281016499689
29.88932749853902, 4.31733531260718
29.907378144517065, 4.31932635027338
29.83973004758019, 4.315095279370442
29.921213102274056, 4.322549234737158
29.831941425417703, 4.316458512281889
29.89915144965252, 4.321836350972594
29.95080565087051, 4.325602805304105
29.88365985982378, 4.321448828388319
29.852644864919, 4.320074943907164
29.809593370531783, 4.316966752164926
29.94649988145563, 4.327445062942914
29.948901765710193, 4.327792441038127
29.95031027156189, 4.32861127577663
29.883727199038606, 4.325196014450872
30.067473727506712, 4.339986079715061
29.975652608775732, 4.3366230997370625
30.019360089645744, 4.339832098305507
30.100245607112257, 4.346564682377518
30.070793271098726, 4.346025210403601
30.066171530888663, 4.347222699238649
30.045433741447322, 4.346092282321452
30.13175191747983, 4.352348964147265
29.978938622488908, 4.341487747992612
30.14349533993627, 4.355286328904389
30.09236362788585, 4.352883730039845
30.132213330003527, 4.356765845175077
30.082932437004914, 4.355285188670788
30.143332363080027, 4.360882655311813
30.238807061484138, 4.36781439781059
30.227542488222657, 4.368673737720165
30.170523790113634, 4.366071968752658
30.21417001990627, 4.369244703452035
30.22707078596288, 4.370479235844762
30.150634120821756, 4.366351792193588
30.272756994307304, 4.37521021118799
30.291255723848185, 4.37663825739838
30.23960968124987, 4.372925155158343
30.289467279370626, 4.377625748376703
30.19898503843491, 4.3714525603571985
30.31758874833556, 4.385459001216692
30.32850714644598, 4.388289520870574
30.391713841013758, 4.394279306433006
30.366900622244184, 4.392591430077029
30.317159641692747, 4.389194819141841
30.407486773307856, 4.395938355750657
30.36500183126953, 4.394217539329461
30.382066939739445, 4.396051667035099
30.445581240612704, 4.400813698420283
30.435901303308842, 4.401307732492334
30.486843090497707, 4.405520088101977
30.43716518045364, 4.4021242869584
30.433245609243325, 4.402187971597797
30.477873296074957, 4.406112523106551
30.39147281018664, 4.399949944670021
30.406431153063398, 4.401478144086872
30.481446803498315, 4.407262069260005
30.377972351983008, 4.399897624849968
30.45858911192332, 4.405852614905543
30.5372370012891, 4.413436029779378
30.5010901013583, 4.412000195334338
30.615990731374456, 4.424807692359007
30.590474322933687, 4.424294762478889
30.580217634733366, 4.428557171839005
30.642123042798374, 4.43431372639429
30.721849419916328, 4.440114673209554
30.693041048589254, 4.439129547536229
30.684281119959845, 4.438500387529105
30.688619326012947, 4.439128195893809
30.69190306818915, 4.440241482597229
30.74534123017423, 4.445416129170123
30.666757916699996, 4.439801792612685
30.684141188978096, 4.441668160096521
30.786943282976395, 4.452060707982263
30.784898731568614, 4.45690928392966
30.8251574490915, 4.460796016150718
30.86575961418515, 4.4647461499591445
30.871891624391374, 4.467565071127146
30.91252097843418, 4.4708701579409516
30.903777333903005, 4.470244725184496
30.893171817732966, 4.473231882690083
30.99756634356318, 4.481877363210806
30.926419792016816, 4.476743263167308
31.047057230423945, 4.487109380154412
31.061545240936578, 4.490490178129649
30.952162647295957, 4.48437528204777
31.045016626589227, 4.493915778203399
31.108316601605697, 4.499184848085749
31.092008093423868, 4.501366161183584
31.15077540428052, 4.506611923550447
31.21459126820608, 4.513907404003112
31.188596316132912, 4.5120947551638
31.151099355043897, 4.51123284827613
31.22734552898281, 4.518996022075294
31.23646085366665, 4.520319584377148
31.242807433933535, 4.521890819134398
31.31818118294839, 4.528237790133649
31.33657831344898, 4.5321981345987234
31.321592957164878, 4.531986547360676
31.380956907716584, 4.536660051132975
31.293097798093257, 4.531134074424847
31.370957217101818, 4.541094249275572
31.40001698891059, 4.544628955567697
31.42995544741675, 4.548971597760427
31.441665941825324, 4.550663630017852
31.489950849657227, 4.555022696887334
31.43722208456499, 4.553980769351915
31.560959078306816, 4.564641788028354
31.498796606746847, 4.560254353169315
31.573165691636206, 4.568383613380626
31.493505090211237, 4.562803432541631
31.61368035901482, 4.572921179599618
31.62781941589689, 4.5769507134999605
31.683914872547135, 4.584408453127566
31.688923149487668, 4.586457236171344
31.69537622101774, 4.587385993605874
31.722819046935076, 4.593351627468247
31.693084603280937, 4.5916903025781926
31.771719657082283, 4.597770575471338
31.709999049604363, 4.594167973228922
31.780047056986525, 4.599637947484447
31.754718505675363, 4.598637420142324
31.895167360579862, 4.611655979142717
31.90299634406536, 4.612786260638228
31.784244369274347, 4.604918668709829
31.882503420694142, 4.61580464845873
31.893057371713855, 4.616671803774164
31.869313811436744, 4.616564135257286
31.921423038800427, 4.622109659328091
31.94280234168761, 4.623865877309143
31.96795844530506, 4.626839083144096
31.889711871807304, 4.621544344668706
31.95693448247255, 4.627244776822674
32.0059367248662, 4.631002384585141
32.08477318343703, 4.637080748071538
31.907170860923337, 4.624755576240977
31.975490622413016, 4.633306229394458
31.966365262806168, 4.632654805483584
32.088600404497214, 4.641616440036464
32.0207668666273, 4.63918851371784
32.00181095206944, 4.638463879218595
32.09151529053032, 4.64538469112288
32.057906665844385, 4.645238269877902
32.12415217558041, 4.650109818924519
32.195284015240524, 4.658388161994089
32.10585859201172, 4.653555040594788
32.16237031816138, 4.65766584388106
32.19700760908441, 4.66133697612666
32.195699527178455, 4.661825616877897
32.199753257003344, 4.663083863879565
32.1461220196892, 4.660754556041993
32.273941297797876, 4.6704443819166315
32.16927234464235, 4.663424457242262
32.2356192084739, 4.6703137652816995
32.23048762777121, 4.670245102003678
32.26272796818209, 4.674917999167285
32.32799150447794, 4.680290130764184
32.26961566333444, 4.676584882795473
32.34687032300847, 4.683705110088627
32.414362434838296, 4.689420855991369
32.37519770179171, 4.689819250998386
32.44717235277233, 4.695509249963685
32.39338967905148, 4.691793109761601
32.40208216510588, 4.694433213795368
32.41645809812266, 4.696510182263598
32.43946756619016, 4.699126106268123
32.52549544697931, 4.7054964663165455
32.47862058026539, 4.706894829733388
32.47006272683317, 4.707005550089122
32.54598609555119, 4.7138825039202565
32.56695171482192, 4.716947082597724
32.58957728705653, 4.720910390106227
32.62461726211662, 4.723927623421589
32.59600307949833, 4.723218641630007
32.59737492447605, 4.724091827693637
32.59816102795042, 4.726290835797986
32.66403136680103, 4.732377411782529
32.698005747286594, 4.735229588334177
32.66133337884889, 4.732680492157351
32.66817620614193, 4.738512592779431
32.75838182910485, 4.745351701827187
32.794343776871706, 4.749184448531826
32.84196003136063, 4.752644693448158
32.749310260247874, 4.746120971810268
32.81078801941965, 4.752236294718292
32.8346258671142, 4.757788528158963
32.894627609713275, 4.765790095678404
32.89645537311895, 4.7667101557077824
32.8699242360861, 4.76496739242388
32.88169249779755, 4.766000817980216
32.86819978525347, 4.7654175466839295
32.908442395004094, 4.769173932710917
32.97871515022772, 4.775183669125271
32.95817928132086, 4.775686363528282
32.924586934615014, 4.77357353955208
32.94164813829366, 4.7774621572066485
32.9176493578337, 4.77748313473745
33.092358352226775, 4.7937238830248425
32.968643531591084, 4.785589189227128
32.97209864775582, 4.786087485170289
33.06075722061706, 4.792639121864741
33.034375602551044, 4.79160147431304
33.09433037444693, 4.797520088826288
32.95292383711231, 4.787536656275424
33.1096938818176, 4.799034414248619
33.08551950938298, 4.798311371920511
33.13566959883254, 4.8034921573639595
33.1399463088649, 4.804128982571593
33.1053942964909, 4.802617524014285
33.196351615823026, 4.809483178003304
33.148961031631615, 4.806843957474413
33.14164705143838, 4.806470011503891
33.19195066102308, 4.810241500861518
33.21775286316881, 4.8132889347248415
33.150666610530244, 4.809185766443786
33.21865520779225, 4.814118726869065
33.15186049762819, 4.810743332093794
33.12334670001166, 4.808769700313277
33.23683202598802, 4.817449139522087
33.178947923542594, 4.81328960876733
33.272619260098466, 4.822628628683254
33.2259345657844, 4.819409176701425
33.23375142925412, 4.820555317671317
33.18945134525778, 4.817628132984566
33.28232501685087, 4.824770546460588
33.2188891580349, 4.8204615278944924
33.30045716957719, 4.8266538725311765
33.23072730937133, 4.8229354361269845
33.432479415351466, 4.838087173513183
33.31924014874676, 4.832230673694117
33.38021161331256, 4.83684176930697
33.373085305137984, 4.838610995717662
33.37533984048448, 4.83895875342063
33.29350370617382, 4.833455216359421
33.43198555917257, 4.843630353614323
33.43327804596368, 4.844515451939075
33.53279450201897, 4.8519100777048525
33.37081365930191, 4.840420168190073
33.45185455644302, 4.846508461487111
33.33703603687254, 4.838389893960322
33.42623613979621, 4.844916527780569
33.45792019350555, 4.848099494836655
33.45496423701947, 4.848381584642755
33.35049101176612, 4.840988035638054
33.399373497184804, 4.84455931506486
33.411813233541274, 4.84562970827661
33.46244006275485, 4.849449322042576
33.42515989455298, 4.846876455586677
33.43576576197515, 4.847716358972589
33.45652466606914, 4.849312446016329
33.37441607289327, 4.843772050025172
33.396008879914, 4.845501018115927
33.4554575640228, 4.849834843643907
33.36820604876606, 4.843574783245279
33.41800610514808, 4.847258624655508
33.44452071047632, 4.849680168766987
33.51527849632125, 4.854993736463988
33.380544311864845, 4.84534159734941
33.45937303212969, 4.851120892154872
33.42306599218812, 4.848699877430504
33.462324411577505, 4.851550519406682
33.462364052507404, 4.851559107380338
33.31016193259603, 4.840885164736181
33.43276240743065, 4.850090847300363
33.48518426382339, 4.854175383494621
33.34785760866912, 4.844226046613682
33.50973449562451, 4.856294719974327
33.42154488756145, 4.849904332443999
33.39326033823636, 4.847946386381407
33.416301689829254, 4.8498492274029
33.40763776847484, 4.849284134167664
33.42701425183154, 4.850714390554589
33.42157855424683, 4.8506281993965645
33.38454083092992, 4.848092981878002
33.474661755704076, 4.854768642102811
33.53434274291497, 4.859176527207129
33.43701797974601, 4.85214931601156
33.40953127826151, 4.850297963053036
33.42107907819738, 4.8512748481668595
33.42250579126789, 4.85150107288254
33.40468603986554, 4.850299300619289
33.48426166145915, 4.856158415812468
33.56778365019716, 4.862599684133888
33.406958213075384, 4.851313211824124
33.42937650188431, 4.853162105296358
33.45029283877749, 4.854762730417714
33.46266154683345, 4.855881991786088
33.355723127620344, 4.848248322994173
33.42596625181913, 4.853406947736187
33.49630881084952, 4.858602115161436
33.462626177769366, 4.856574052950908
33.42318194934975, 4.853714078460307
33.38700439287245, 4.8513016256771
33.4096272807416, 4.853148053911409
33.41990225530012, 4.853967106044259
33.48970602526612, 4.859093298705363
33.430917457758994, 4.854836926901946
33.480473953419406, 4.858458901006763
33.45867856765184, 4.85815583250712
33.45231161319032, 4.857945870921456
33.47442526170275, 4.859687460383905
33.434666626195074, 4.856811296319512
33.545363341361174, 4.864992357175725
33.39783006896527, 4.854328080916008
33.40953616658845, 4.855327175243886
33.47653042570923, 4.860721810507915
33.52566708487381, 4.864294213731887
33.4381990284439, 4.858043115590848
33.41917651309037, 4.856731639813338
33.45134505953149, 4.859246927529328
33.537162777469526, 4.865991968074132
33.44075505946889, 4.859106869782696
33.37335867998054, 4.854390843806475
33.40803975593843, 4.8572835378605435
33.47599412797475, 4.8628338870025996
33.428507942203225, 4.859495013462578
33.675308645937974, 4.877455488881141
33.548315422141364, 4.868285299109402
33.43356061866308, 4.8602651704838635
33.62114502067637, 4.87456212976119
33.368680821721206, 4.856650808255909
33.56934780576697, 4.871340842477767
33.61192312964433, 4.874668655215745
33.62382654304578, 4.875663539928367
33.625394824228806, 4.8758905506436685
33.62378546930107, 4.876359938389065
33.660634903191415, 4.879610463151207
33.62147857225064, 4.878921831287226
33.61631670022931, 4.878894153325428
33.646956773921445, 4.88120163807016
33.43322391642237, 4.866026001511476
33.589340520256684, 4.8778374335013925
33.64028246124525, 4.881592256341262
33.62047430920244, 4.880202586159774
33.63043826902469, 4.8816289253883856
33.64931929646714, 4.884399781079624
33.68006401741357, 4.8867110652751595
33.65787173393095, 4.886341672048308
33.616834494812004, 4.884009405436693
33.6578702100312, 4.8870892930583505
33.62166575918853, 4.8846671057931275
33.66822553777317, 4.8885775625672485
33.68866385136173, 4.890122307030673
33.67530551378156, 4.889597099172837
33.60353569351113, 4.885703628844415
33.69692327295294, 4.892750389756568
33.671928823313685, 4.892021608230792
33.68840659036615, 4.893647731684984
33.70307391504224, 4.895044430724222
33.65674125720933, 4.891937796139462
33.710369006305186, 4.896133936297479
33.75663688655701, 4.899955655915191
33.74683482780849, 4.899261378115189
33.7009362476977, 4.896238583622933
33.744249842580246, 4.8995807420988875
33.68389752842279, 4.895210526150652
33.75950829768075, 4.903991173605966
33.7478709675252, 4.903762555894146
33.74837271232811, 4.905295618926974
33.78881769199801, 4.908264732432223
33.70911529118315, 4.904715327700668
33.752449731789625, 4.908814639327554
33.794539184161785, 4.914179034612191
33.73865189750972, 4.9112133618369365
33.81525849073855, 4.9193772446824475
33.891373677388, 4.926027627753379
33.84059906179749, 4.925326572772295