1.0241097075886259, 0.15
1.0239682763952198, 0.15
1.0230009549300607, 0.15
1.0211522153291603, 0.15
1.020608026567616, 0.15
1.0205670052518174, 0.15
1.0192188623952008, 0.15
1.0190724055630553, 0.15
1.017565006208859, 0.15
1.0171299385946073, 0.15
1.0159432427559265, 0.15
1.0154259056679702, 0.15
1.0150223758720298, 0.15
1.014979283972772, 0.15
1.0148886528184207, 0.15
1.0147576243391383, 0.15
1.0142327893176295, 0.15
1.0135767200290544, 0.15
1.0134214704046705, 0.15
1.012580941472357, 0.15
1.0121329348277903, 0.15
1.011912991950964, 0.15
1.011457257896218, 0.15
1.0112720116505185, 0.15
1.0112562620034153, 0.15
1.0106174692845378, 0.15
1.0102992063651992, 0.15
1.009957077490823, 0.15
1.0095662874019617, 0.15
1.009203837359914, 0.15
1.0091904453773097, 0.15
1.008821045661992, 0.15
1.0088167947827194, 0.15
1.0082688826469808, 0.15
1.008163951953618, 0.15
1.008074843653619, 0.15
1.0077096814718456, 0.15
1.0075061726126386, 0.15
1.0071394076158888, 0.15
1.0067296183350556, 0.15
1.0066100997549825, 0.15
1.0062648540990369, 0.15
1.0061477496609903, 0.15
1.0061095036371368, 0.15
1.0060643465427777, 0.15
1.0058385865076094, 0.15
1.005804789294698, 0.15
1.0054690351496984, 0.15
1.0052665583758678, 0.15
1.0052501440890662, 0.15
1.0047407091532377, 0.15
1.004653122014848, 0.15
1.0187895189901504, 0.1510563981909412
1.0037896886334612, 0.15
1.0037200480676545, 0.15
1.0035939550276045, 0.15
1.0032043867436506, 0.15
1.0031960064252163, 0.15
1.0029560128506483, 0.15
1.0028292147275557, 0.15
1.0024909410972906, 0.15
1.0024076355911336, 0.15
1.0023282458915053, 0.15
1.0022357502689854, 0.15
1.0015957708562253, 0.15
1.0010515870534518, 0.15
1.000169793379622, 0.15
1.0000304019516721, 0.15
0.9999563404579603, 0.15
0.9995803474192108, 0.15
0.9993532398279394, 0.15
0.9991649999096512, 0.15
0.9981007333272001, 0.15
0.9979146931812888, 0.15
0.99771160421502, 0.15
0.9975506199703051, 0.15
1.0224551857376047, 0.15274129711021978
1.0519497061622274, 0.15561502754182932
1.0611462236817029, 0.15710120345757517
1.066200322126369, 0.15912284924122932
1.0757140672016043, 0.16022996207624196
1.0699172916091098, 0.15986191597843025
1.1448596650754117, 0.16922835044887385
1.195706341790488, 0.17693377167932667
1.2155721093056264, 0.17975352315179371
1.2395867625478063, 0.18501858420820572
1.2720762153093994, 0.18788937551010232
1.339108739267192, 0.1995584242230457
1.3752479763169825, 0.2036630326175075
1.3879833753058182, 0.20464318015915683
1.3982627914021393, 0.2079712690423312
1.3741342040244415, 0.2065415085981508
1.4250277553276647, 0.2131237894674758
1.5167695059404485, 0.22339545032199304
1.4975199722452286, 0.2223963516226295
1.4943957508247323, 0.2236035820021991
1.527027037429292, 0.22617554539843088
1.522967871179382, 0.22796142948183373
1.55394908227541, 0.23101217727832513
1.5956276210175664, 0.23757869785996633
1.596401842269638, 0.2389743127940518
1.637817192437704, 0.24341479778359698
1.726271136115695, 0.256287432002698
1.861536423166772, 0.2765864447949955
1.9695392434595602, 0.2898705275527762
2.0159378441086178, 0.2994616419079392
2.1051373856097615, 0.3139673806392489
2.2087283296263456, 0.32850212289284464
2.292898993002613, 0.33870742248101315
2.337368772896626, 0.3453028368986626
2.3141042770917086, 0.3445418238454083
2.4453715783025998, 0.36099440656780324
2.4498068997003113, 0.3640818903531233
2.4698477290415575, 0.36846861008646137
2.5844570691407225, 0.3839854568700911
2.654678001650847, 0.39157354423337054
2.7806146800339833, 0.4084948989679331
2.758262634847512, 0.4072707738603336
2.7139343579661346, 0.40425108625405315
2.780521485048439, 0.41108817655622953
2.8242448444852855, 0.4169202345252847
2.8512824874323095, 0.4207659312244365
2.9087548902662084, 0.4304408635496353
3.1299501341497766, 0.45743087503660007
3.110777195121432, 0.4584574583105532
3.2333695182735473, 0.4763539064217319
3.3714476848310895, 0.49264580159035276
3.28715256832937, 0.48672896058589643
3.4765775448665783, 0.5145856048753021
3.5235221030516937, 0.5189693369277641
3.56650249224699, 0.5251136735941779
3.5882515425158608, 0.527428931125316
3.641918596604365, 0.534186271007691
3.618132846425149, 0.5325462142144781
3.6991978112243054, 0.5433838420862873
3.8290190983885206, 0.5663122809949899
3.9169276503733967, 0.5764624877048234
3.954208804292531, 0.5847259027351752
4.041727278086956, 0.5969399796194557
4.172235043598993, 0.6126283632651157
4.202938272017256, 0.6167805844724032
4.322618409057627, 0.6381716465111413
4.448164386154345, 0.6554938385986313
4.439897942002467, 0.656497058198025
4.4922602237783495, 0.6635598987488072
4.565300840365287, 0.6695950668304311
4.68980275572607, 0.6876740116737183
4.640399588842386, 0.6843078935157392
4.815527815706644, 0.704544579060407
4.889165064103196, 0.714440001029522
4.83125978427975, 0.710445167882872
4.922505411395346, 0.7185460566803386
4.893952850344766, 0.7166949643036018
4.938283516943489, 0.7227317124861914
4.884888256565403, 0.7202333590833714
4.957878779229389, 0.7312876796562966
5.068213840589278, 0.743237194110498
5.17890319606615, 0.7607491554900108
5.184322068640864, 0.7618856767833719
5.287501872563371, 0.7809876283207133
5.396191318359323, 0.792884563984189
5.4589190806958285, 0.8005481231901017
5.460147117688722, 0.8015215039614558
5.601208152628742, 0.8167412010674395
5.453451898606626, 0.8076420094248986
5.537052038451711, 0.8140681333273729
5.581090292658737, 0.8192716215627032
6.024504955989597, 0.8808628004026691
6.081670783938697, 0.8894386655712871
6.1053614094251225, 0.8937980107356518
6.116983509070031, 0.8946581629017407
6.167798101590314, 0.8999078046021607
6.164953545480686, 0.9004458539448583
6.165564994260754, 0.9063074679686771
6.186715801785211, 0.909623691072226
6.28608127846125, 0.9207039349925799
6.506334998803514, 0.9514838633958815
6.50334960399895, 0.9559999991685446
6.6645349286367095, 0.97089428807889
6.7399169935202385, 0.9840006745474765
6.813343086687335, 0.9999962463603334
7.152009572760886, 1.0485469445898614
7.270698518581262, 1.0621424339327517
7.368175517687557, 1.0702160851489788
7.430109732240819, 1.0919077191162723
7.665044759012883, 1.114645419405325
7.558781339148056, 1.1071391340820451
7.627615507190824, 1.1173231024775836
7.914751687604647, 1.1542894372189076
7.87616192059538, 1.1536141863943232
8.108299013111257, 1.1775299117318232
8.051801043512139, 1.1775022871017287
8.12532675252017, 1.183245740092258
8.186666711291496, 1.2009662583551366
8.429447065321956, 1.2326892516225856
8.621653098209492, 1.2579379081946334
9.008183573077012, 1.3039224360775004
8.955466763900596, 1.3086422303564875
9.184745488230162, 1.340915043093867
9.29585804880607, 1.3535166485826133
9.30806120392102, 1.3568520758988205
9.744346394957226, 1.4189237248078816
10.09202863363674, 1.47318515814203
10.133639659612806, 1.4772134553592142
10.098549515950296, 1.4757072835530076
10.386296848578594, 1.5040062434666517
10.638322878514595, 1.5276136190536453
10.460789803553803, 1.515472915694616
10.469776265265642, 1.5161516265757013
10.979842305852248, 1.5588369177941086
10.49358217183159, 1.530159396262789
10.609968845285335, 1.5482701365113964
10.854187149761339, 1.575661641133852
10.937671464075367, 1.5948987030079191
11.083588017326534, 1.6075566410564628
11.158465054137924, 1.616575548025902
11.091416343906953, 1.6202432167108087
11.425453259421522, 1.6624612720371772
11.571296146763212, 1.6750669527731503
11.869715522398852, 1.6989697149221827
11.90602836258174, 1.7034995587431778
12.187414014999888, 1.7237558265279818
11.46984631866254, 1.6726983205964823
11.513257698941644, 1.6801319322689183
12.420093919753155, 1.7515174183574356
11.749751302720677, 1.71282478913243
11.874093307702912, 1.7325082083837477
12.056176443297565, 1.747112504483857
12.239403507991648, 1.7620383133750845
12.248680574102169, 1.7661383010276532
12.225449522786072, 1.7684250830989034
12.14048170286134, 1.762620970692499
12.172271865998072, 1.770921614919832
12.206421254644749, 1.7761250645214481
12.464409400430196, 1.7950830203663974
12.364416051680596, 1.7888541098819761
12.629218009867996, 1.810677271608598
12.223935426975798, 1.7824201316584514
12.441706449195916, 1.8000339043853986
12.262399695568071, 1.788075315817319
12.462318620930567, 1.8035246005883643
12.430122844444464, 1.8015514879080863
12.44705210271984, 1.807361356980171
12.590086293903465, 1.8203778526761427
12.786566838345317, 1.8353857079099711
12.618123543070618, 1.8261655085429318
12.86501963538467, 1.84786472378949
13.115067698852247, 1.8728580782885595
12.634387133121075, 1.8384003444287194
12.709773306077574, 1.8485139634913077
13.436191781587716, 1.9014027536477007
12.935925172844073, 1.8678662845142542
13.242368499216674, 1.8900840338329772
12.702342649702068, 1.851340289163386
13.371738413763778, 1.9027196162137594
13.242601424212188, 1.9045076950929607
13.451244086109714, 1.919549084076766
13.291664593126637, 1.910311999851908
13.43169232008938, 1.9218540488711433
13.328242483896855, 1.9168890964430645
13.55765229462168, 1.9367239638225309
13.820330139862348, 1.9563479032759545
13.806335921055894, 1.9558893356051854
13.667602734291533, 1.9500529192664118
13.11428924517939, 1.9137924765813352
13.282962303737019, 1.927383629836024
13.908106104741927, 1.9737494917555631
13.220400608565617, 1.9246351124860217
13.359996969858852, 1.9349216919474266
13.558228363196742, 1.9545236378361253
13.49176109375149, 1.9503952696159432
13.882868399222348, 1.9791762845638283
14.270704229649262, 2.0074589771313
13.664485063676942, 1.9644490445507028
14.168140816487929, 2.0027259246656737
13.850364048150093, 1.9823915649612456
13.848996190383556, 1.988532036012896
14.336291658429191, 2.0285660127171523
13.920442106863531, 1.9990838195211902
14.04858989016093, 2.0084316654892342
14.06463527996643, 2.0108802089415034
14.447221978135756, 2.041045121223153
14.453274934524556, 2.0447686798070563
14.177791525130562, 2.025379424755971
13.68324987890917, 1.9930989417882143
13.650257078363358, 1.990752709389521
14.178075391578801, 2.0296104566351714
13.843574662318474, 2.0055590823753393
14.040383161255841, 2.0212013060638334
14.427303570717234, 2.0511857806236877
14.759055907267102, 2.080514138314822
14.635759643726905, 2.075664263930763
14.234588142164146, 2.0484290783396775
14.05224694211197, 2.0354360643072127
14.710291848421654, 2.0860566030439553
14.021040448431311, 2.036889184008344
14.386058790547171, 2.0636702249127614
14.851121556114368, 2.0973987443783715
14.10639437582323, 2.044509931957834
14.51402881102726, 2.078372003225142
14.991007839402666, 2.1179538635595163
14.920684243344537, 2.11395784257169
14.58362596738492, 2.090811536678352
15.17243856256604, 2.1344056229985187
14.890449406661196, 2.115062244175423
14.424145335056135, 2.0836418196583724
14.944917441894725, 2.1212674050214497
14.34756814525036, 2.0787037566910556
14.573204650726325, 2.0980902886665342
15.035558402973274, 2.131859849830877
14.320113720427003, 2.0827976328709585
14.742098855720561, 2.1144674889493897
14.336272520242352, 2.0857572955272268
14.358542230659117, 2.089262788415221
14.433237106595861, 2.095945825388144
14.971977336769838, 2.1351194663000728
15.34465396213589, 2.1644198406204485
15.161175193284054, 2.155732250241287
15.296948684657435, 2.166113903036675
14.434285587369152, 2.105007676999886
14.852747198102328, 2.135447040794878
15.562955860666351, 2.1902747056296956
15.237336621335638, 2.1672572659972182
15.489618187090176, 2.1876396189758696
15.3510904467377, 2.1779754330498458
15.187476771053536, 2.166574774352772
15.562834179328892, 2.193570961411213
15.238250281512993, 2.1710327122207618
14.947780743479493, 2.1505957566593237
15.159505625154063, 2.1658402827699685
14.679799305567919, 2.132855320373899
15.497341103626997, 2.192814927269069
15.537725357434923, 2.196754229466946
15.305450749747031, 2.180708202832866
15.33530134723154, 2.184725588274974
15.140642736401913, 2.170968141341918
15.005516204798807, 2.1620899465114896
15.123814832250025, 2.171620149350346
15.375306769300465, 2.1908588395112423
15.483636229136406, 2.1990805112753753
15.589579756372075, 2.2086553413086962
15.102729867617674, 2.1746628071129193
15.20245701649205, 2.1822590699956645
15.569314866155556, 2.208871099908536
15.109208889177712, 2.1764057424342527
15.399859866994381, 2.19779338942951
14.941000411480495, 2.165171924205665
15.427160687700091, 2.2003759015398217
15.505295754491305, 2.2068190282488294
14.643917781824447, 2.1447482984751147
15.09833083360087, 2.1778779288477397
15.073138567049803, 2.177331989209767
15.902972243072071, 2.2368520864371026
15.114536395071253, 2.1807191383573654
15.28561568132629, 2.193997635537375
15.64578660175686, 2.2205293916698476
15.572958416694629, 2.2172187669286485
15.429350546897385, 2.2083235396567273
15.52605279702068, 2.216426015328625
15.602093123284655, 2.222071243513688
14.933516108386668, 2.176556751578305
15.603436300375755, 2.225345301691868
16.105367929982805, 2.2621662480097227
15.679295867588648, 2.233057769921163
15.708991899958502, 2.235345657117729
15.486980028581723, 2.2195574940722196
15.681870182361862, 2.237176478372951
15.985321130294926, 2.25983169768599
15.920505789718623, 2.2553827400507798
15.864228753783413, 2.2527282740056664
15.27170564117879, 2.210580562004621
16.07293428737589, 2.2679768173153425
15.472741778281764, 2.226569633078701
15.279331345691546, 2.213383840501539
15.71132572446482, 2.246903606038324
16.13245306009905, 2.2774906543840823
15.84710923491109, 2.257298877941323
15.539122856936428, 2.2377877108167628
16.138261889278628, 2.280714257183658
16.068437547058895, 2.2764617543742105
15.86400185117723, 2.2655131565711617
15.364771243832708, 2.231321227777096
16.090018325282447, 2.2836888762341667
16.133445504995503, 2.289558410827204
16.282890084585617, 2.300196519401414
16.028066948914798, 2.2838081789837723
15.834216130675037, 2.2706478575249545
16.138659534974288, 2.293019287300835
15.52483731927674, 2.2492939013563724
15.780978144727637, 2.2694275277573777
16.253943176622393, 2.3060164273843187
16.415668194888845, 2.318107018354354
16.06175655210472, 2.2933850985937614
15.945165700711621, 2.2860197286704276
16.49905006695464, 2.3264275451090244
15.646454146977398, 2.2659173640770653
15.99614869508779, 2.291921227544214
15.92277604000992, 2.2873433785538966
16.128433587849155, 2.3057429567521925
16.22875467888824, 2.313262247024152
16.58139179980004, 2.338438681490822
16.23533067040135, 2.3139627975830246
16.436826908893938, 2.3287533920156234
15.784259523404646, 2.2851788657674437
16.13826207638591, 2.3121105393675894
15.802134720692743, 2.2889412297498835
15.992344430421486, 2.3054178958670075
16.108922159125633, 2.3156668424547444
16.835907346723094, 2.3681739963179993
16.057622996306108, 2.315908373667435
16.41785171408814, 2.343195653361345
16.767528221321044, 2.3681505634106825
16.136373612606114, 2.3232320570008413
16.349354637972677, 2.338755703515689
16.371256868325393, 2.3407439099451643
16.65801882341101, 2.361470751102801
16.87386423528606, 2.3771964976485416
16.00266842301155, 2.3153333047193696
16.776740782981243, 2.3717859569940263
16.426422965764356, 2.3475736779525507
16.67528588652829, 2.3652959043671773
16.691752995599025, 2.3669367131528185
16.723936214316822, 2.3701838112681717
16.937142843559112, 2.3855623921885805
16.542233073072442, 2.3579670396631247
16.45960645413907, 2.3525565331536376
16.450854130144627, 2.3525296234151094
16.47080819726535, 2.354763630581351
16.23086211495727, 2.338583668504466
16.785728532928697, 2.379628262598805
16.665215146814568, 2.3723279057831315
16.795761997763805, 2.3820211625581367
16.471447566669987, 2.359652274830233
16.807695260258622, 2.3871975579638116
16.391244256909996, 2.357566516808589
16.489867730672003, 2.3647692869114367
16.936061188359027, 2.396627880043032
17.077555332597523, 2.406620115946261
17.044837113752905, 2.40628520075429
17.245004360340722, 2.421149423181941
16.937224673754184, 2.401614540937933
16.95325684190369, 2.403266120821481
16.852637135095264, 2.3965919834866023
16.720949784036605, 2.387797254107369
16.60416480655152, 2.3796363524078146
16.67931251127382, 2.385183556289947
16.93719402513218, 2.4050568871289473
17.00095397685692, 2.4106799189349903
16.994009116177267, 2.4131015380078003
17.208213289683012, 2.430075983520572
16.95879425662642, 2.4132313486997026
17.294016311005404, 2.4371726109963943
16.823020566422812, 2.404758330175776
17.09274730855015, 2.4250706719194426
17.13620272310778, 2.428209070897349
17.200285307744934, 2.4335065893717207
17.0208142840032, 2.4207791109403543
17.26688221188877, 2.438348411826343
16.852453147533684, 2.409971824532686
17.328708669547524, 2.4447696629822957
17.04261553296177, 2.424657782039761
16.88485336404928, 2.413570839117205
16.70202909285275, 2.4007858563826128
17.34030536935407, 2.4464517173921507
17.129928222613668, 2.4318541186114206
17.36151788192883, 2.448542727077716
17.09639711864704, 2.431905789056059
17.030143537670696, 2.427735453726858
17.251879610028837, 2.4449726316835863
16.99038157776837, 2.4264683286901674
16.9452584083334, 2.4237026342948242
17.056931787777014, 2.432190446690732
16.700677761446432, 2.407388409064472
17.32723594978213, 2.4523127976166093
16.507353822833984, 2.3936985600740712
16.94565961889675, 2.4253036881312777
17.216108305244727, 2.445971582577009
17.293363381338835, 2.451481410993903
17.281766115324103, 2.451019874067679
17.398829194143307, 2.459385165924366
17.258364151695492, 2.4497329511292643
16.898694767218032, 2.4265893073190874
16.73472192538296, 2.414999718755828
17.144843190398028, 2.4445159103531333
17.43434279121659, 2.465741422380665
16.962553296107085, 2.432369207163549
17.288950348430667, 2.455844159668687
16.934532752637146, 2.4309454421186265
17.312682470969403, 2.457964141295381
17.564867531445095, 2.478558791842489
17.444240903812332, 2.4707724138723064
17.14190877913277, 2.4495722236266726
17.451746362457353, 2.472470880221831
17.436194269745904, 2.472225568413444
16.85164602266415, 2.4305268816761227
16.97475830339212, 2.4394399132228832
17.693462785696177, 2.4907348112507854
17.047293947683844, 2.4451032157822628
17.25161479519398, 2.4601638383716518
17.64180374621811, 2.48839015747202
17.034265361617738, 2.4454909405557164
16.643877939028968, 2.4186886003041312
17.283020156679008, 2.4654606946230473
17.424698700607276, 2.475569808475351
16.955389519786042, 2.4423963098035983
16.75294342278634, 2.4284461004894258
17.717271772386265, 2.49954049001174
17.344729546043638, 2.4733161359929934
17.215571019461457, 2.464637034965631
17.393676112314445, 2.4774034947325934
17.14214400248326, 2.461227784778841
17.016251100587304, 2.452176979784781
17.036386261281926, 2.4549475739244775
17.445968004861243, 2.484544813034293
17.70746895769603, 2.5032630932245237
17.70818939087367, 2.506319953512519
17.36072906790754, 2.4817513648761036
17.342325817931194, 2.482832894221345
17.28847350155434, 2.4793963613177334
17.153096749760454, 2.4703115428062894
18.044876310560543, 2.533739057494415
17.23190996796647, 2.4770275336775605
17.590141136022137, 2.5030578348000088
17.989332505291397, 2.532968778100817
17.4740828921201, 2.4984306218922248
18.061731079773423, 2.5404480296631604
17.22473041915499, 2.4815157960988543
17.644130501200628, 2.511575038022766
17.022312783583782, 2.4669751320403916
17.950796241220345, 2.5338209853234677
17.51221196738061, 2.5026780445662844
17.627954685692142, 2.51142582606598
17.913071781702104, 2.531698414330563
17.97071111313601, 2.535870924346728
17.48830890194687, 2.5018930456184814
17.17978855856985, 2.4803260619194862
17.816307570456477, 2.5274215749157403
17.475089789177016, 2.503314571581705
17.51716733531801, 2.5072930349536326
16.877645091770912, 2.4611714859741936
16.957264212893286, 2.4684237144331096
17.693276465887795, 2.522282160012388
18.000336015369644, 2.5446825151064534
17.977061059389477, 2.5432153424508757
17.648566596075177, 2.5202211686621157
17.505492942475023, 2.5112478753650924
17.060891988577158, 2.479424972973396
17.728872646496335, 2.5285073217701592
18.207650807865164, 2.56316506057062
17.260100635475467, 2.4963538807657715
18.11189754805026, 2.558077351659249
17.69091201618897, 2.5284752626915603
17.87547244056812, 2.542295803431702
17.236497742981122, 2.4980538521340723
17.302074116197115, 2.5032817369140403
17.9197030800302, 2.547991719649218
18.07049185090233, 2.559333233577079
17.639817290999275, 2.5304681287927817
17.830893799894337, 2.5447310558578673
17.49094004317427, 2.5208301183254127
17.9022133449619, 2.55035161151957
18.21734324501147, 2.5736990808796545
18.516087019774826, 2.598801365074517
18.03140344516198, 2.5658690696481656
17.692706161072124, 2.541973242456983
18.350443977617477, 2.589454427237281
17.939959941327675, 2.5604965592231954
18.228983585446983, 2.5813513305494817
17.554147443144746, 2.533620649656121
18.4200597377756, 2.5955727443383614
18.311200879727295, 2.58893872061305
17.62160902502428, 2.5399032123918275
18.406682830711, 2.597800684646261
18.291558788476852, 2.5902563110843957
17.95950953076678, 2.5681809333608463
17.98392714571183, 2.57048962667088
17.711943933041148, 2.55116326776347
18.513925623000492, 2.6085871854129694
18.078366752563603, 2.578012483964529
17.883790126545392, 2.564160365005037
18.072878506614614, 2.5777279355560667
18.220421610004156, 2.588443743980209
18.423338765849763, 2.604716908790725
17.772143716447534, 2.559784001758789
18.155909761409468, 2.5876273783628
18.334928526830062, 2.6047999331599714
18.55886098184536, 2.62103023731294
18.598643281592743, 2.624929036070518
18.27821632944374, 2.6027934810736086
18.470298340699596, 2.6164634215621057
18.462147138076013, 2.616279275020643
18.593182101774012, 2.6263793716372863
18.030246054329933, 2.587078113755334
18.175079644878924, 2.5996214472846457
18.03136059448438, 2.5894008890289166
19.024022953488014, 2.6606323172260726
18.684114434622547, 2.637721215535782
18.37811499849618, 2.6161027520798186
18.495332015340466, 2.626510715387229
18.375625395711403, 2.619810537952203
18.376664643098533, 2.620083624398939
18.642726102246886, 2.6394800478212987
18.985827478560164, 2.663717924760318
18.525848360817132, 2.632169633173067
17.854091729002082, 2.5863403005768566
18.31485775018973, 2.6197831141279764
18.17392530446015, 2.60979410251589
18.394442564201622, 2.6270623802296855
17.973298758049758, 2.597355727194148
18.399300649116498, 2.6284638157845013
17.9138496300025, 2.5949906107104876
17.989673495821503, 2.6007500152506084
18.55980412821417, 2.6429914346047205
19.01716786657615, 2.677865060905753
18.636170348882928, 2.6511463920952716
18.54203390109797, 2.644508723204768
18.236735490782984, 2.623106486375617
18.380086207764077, 2.633684974003545
18.883177791496305, 2.671330388828621
18.508527565088556, 2.6450061784407612
18.02945842866645, 2.610983707965981
18.06378102524418, 2.615140524593749
18.97331033208867, 2.6812426132016576
18.625744129078956, 2.656704909326808
18.693944429391042, 2.661997971490302
19.10641120010605, 2.6920700999391034
18.78524356026869, 2.669650676642301
18.78175035401383, 2.669946146223583
18.817548007903664, 2.674212303570216
19.010211572535155, 2.6890788659451115
18.812319220328234, 2.67607038109976
18.53433356903301, 2.6562561720174127
18.83517627566861, 2.679450696849166
18.798732903715845, 2.6768741953878417
18.196926232883236, 2.6345493808667086
18.956132439161102, 2.6903749012746303
18.541427622216716, 2.661157693371263
18.805797728490802, 2.6801853590699842
19.161394935969057, 2.7057766339339073
18.569727504375535, 2.665029278343625
18.497420486416516, 2.659863592186822
18.723398146086193, 2.6763477240326594
18.68909315215411, 2.6739255164359665
19.317232875901507, 2.7202085177024538
18.722330991880444, 2.6785202473647196
18.57444587452255, 2.668643058353659
19.328985210077377, 2.722388241377356
18.736088725467845, 2.680922460119146
18.65168905990607, 2.6749315223382863
19.11742869466188, 2.7102783883597326
18.599460849150226, 2.6744625480293633
18.97453490017275, 2.701784387610462
19.1714618419124, 2.718988870445105
19.111697172475502, 2.714936346938046
19.288565299543357, 2.729964558083764
18.895170769195843, 2.7020460877044794
19.0916970055322, 2.7164012895999923
18.852284965614118, 2.700664930088916
18.358908652186514, 2.6685928775014816
18.844557623416232, 2.7038625934193883
18.86719256783298, 2.705551194689404
18.73932117881214, 2.701484306060478
18.932945248629732, 2.71626767980009
19.5347313788019, 2.7607359395130437
18.908713368710508, 2.716802505269058
18.75501454284009, 2.7064375022692593
19.327381517168472, 2.748183157646933
19.03364931055749, 2.728956625337182
18.897812431318254, 2.7220073146131867
18.735699310372823, 2.710504341391349
19.794534074614656, 2.786639229394634
19.70913606231852, 2.7826268413762634
19.529412472299242, 2.771856204340648
18.78440791791323, 2.718475569665226
19.493964102988098, 2.769922087636032
19.807135239025154, 2.794576400552704
19.086978914769706, 2.7438442456166463
19.003834084811718, 2.7398996381230605
18.694054015928145, 2.7175812047235377
19.681861593006847, 2.7894301012216216
19.3902870701827, 2.772903312517472
19.155400886974007, 2.7588212577035103
19.510746188807335, 2.785100559842042
19.23226346584994, 2.767016275371801
19.93121509798035, 2.817450588674304
18.89968006296435, 2.7442982544372896
18.90676430192642, 2.746155022538204
19.062623458609423, 2.7590363489373537
19.545176593610257, 2.794622478154416
19.67997185865921, 2.8042799132512926
19.353404250396526, 2.78097700426875
19.478324271912918, 2.7921686135731134
20.21336251370269, 2.8445643957497024
19.93219508278774, 2.8270576690608973
19.672301008690017, 2.8091020190984084
19.30551308904219, 2.78382646051415
19.051129531173885, 2.7667954106693475
20.00065101862287, 2.835144677723318
20.135248361388083, 2.8452662069066337
20.02753415391757, 2.8389804404303742
19.115843662787675, 2.774988545608104
19.386150610055566, 2.794955503541609
19.58717622294439, 2.8115327302791115
19.603760113985313, 2.8137134457494772
19.557552395369804, 2.8104686970395587
19.667867829662757, 2.820249404126667
19.310700321178075, 2.7953018134620473
19.270964925189983, 2.793642022384648
19.388049218819628, 2.802607722555197
20.181745229821896, 2.8613464096216346
20.276891201628565, 2.8697812672890306
20.378979588578975, 2.881034552861559
20.440502887155237, 2.8856908541482174
20.396536925070723, 2.8855262342143284
20.07376486861696, 2.862931755317377
20.213255718322163, 2.873133094046456
20.75997622773951, 2.9123935830737
19.762671190904957, 2.843401038041251
19.93141106485467, 2.857037100690354
20.0890393311504, 2.8688111291538387
19.840845479791096, 2.8514423395629658
19.852122384541723, 2.8542075021346243
19.73338672370784, 2.849210370149753
19.947491016510984, 2.8650234283284215
20.36337775484193, 2.8959525808777125
19.496652245363638, 2.837326792802755
19.749951270124324, 2.8581271535504245
20.32718718795129, 2.9028509009283665
20.219945939152034, 2.8962745581347393
19.8948658553223, 2.873355428213447
20.299847231126016, 2.9028224106502165
20.767181571596687, 2.9375583283556583
20.2430609977635, 2.9009920351909546
20.877918568331257, 2.946531598874551
20.736217291229988, 2.939943476855089
20.551667330014844, 2.9280200862487105
20.331693184222953, 2.918148882718838
19.693911073054533, 2.872881841107861
20.62675509943799, 2.9407496086761187
20.689826367411126, 2.9486014456855303
20.021069248878952, 2.900706422776662
20.358861972960224, 2.926142160400782
20.36055449623582, 2.9288758616891553
19.900715478355472, 2.89686659216217
20.435422149930233, 2.9367957151021145
20.811282091746833, 2.9638702801580497
20.85277777134627, 2.9684756065593554
20.229291772364682, 2.9262631244432136
19.888156587863723, 2.9025934602697605
20.545326670140145, 2.9513956102830807
20.387879328764605, 2.9437681853067987
20.459946564132583, 2.9512387769472292
20.06918685196861, 2.9248228996529253
20.74794163150497, 2.974539697993479
20.568096676435484, 2.9657524137873077
20.55484579224867, 2.966621092160368
20.604188367297933, 2.97213124040963
20.673343013953644, 2.97745756834356
20.82488711498867, 2.9886259719542023
20.240534120597367, 2.9498672686770178
21.315326159180763, 3.028381193072529
20.29399543999626, 2.956206782412993
20.954768823881327, 3.0058762322505306
20.325516663031266, 2.964043133579774
20.78571012368363, 2.9984894876893824
21.20764493092338, 3.032473865830876
20.929929136830793, 3.0185782974980695
21.25139337396242, 3.0458764014186857
20.913238242230957, 3.0255480385058027
20.64661673355227, 3.011298901750612
22.254833352297535, 3.1289241338039453
21.99665535568792, 3.112578964123534
21.61409014922983, 3.094985622937066
21.21786048317263, 3.072903413137613
21.494259228265356, 3.0949261801098222
21.383405717903152, 3.0902969349285936
21.478458051834014, 3.0986243574868473
21.378152570336233, 3.09239514077734
21.277037274475717, 3.088474720392706
21.56835989228234, 3.1136326111023216
22.569002144425326, 3.190240058789131
21.414940514522574, 3.1080944455657367
22.198930827694728, 3.1663965080809513
21.42989957910705, 3.112588797404354
21.3902380291432, 3.116006932027095
21.587981946247513, 3.1340030452650165
22.298757485950407, 3.203103698198717
22.070400293938867, 3.1892892704270404
21.93239760806502, 3.1832238970967692
22.228369926775127, 3.220897652576464
22.621661500468136, 3.269120380689767
22.39998250611968, 3.256738562037797
22.2451764842368, 3.245942844884275
22.540657843491886, 3.2684946699012336
22.88827460715137, 3.3027556397556195
22.498448458018647, 3.27637432101844
22.22659792156125, 3.2566569627002213
22.962976417748976, 3.3250571519740735
22.813151591013426, 3.3143412675305273
23.230326619280426, 3.3693327561388875
23.234269251920583, 3.3750018914666686
23.21972104932256, 3.37931983238078
23.552046184595415, 3.407186440578558
23.529393886849476, 3.4179046873296466
23.59923750884737, 3.428997813867853
23.423400147456533, 3.42684910342909
23.86363144403464, 3.4640200420110574
24.360462825010586, 3.5207839568606536
24.5085300077283, 3.5616023805797266
24.097201626889973, 3.5379967878952296
24.485950124782935, 3.5668168706051
24.601120433420853, 3.588138675121135
24.53061757113946, 3.5876361778582107
24.73192977116819, 3.6027177894720452
25.097312719043003, 3.637725101783138
24.60228499402207, 3.6037711289642926
24.967435127678893, 3.636272337217103
24.914591100554357, 3.639384982115825
25.461100827610288, 3.691609740246342
25.617031178987503, 3.7443022436445412
26.16676986607282, 3.8043775622900906
25.887276915689128, 3.7860112429732657
25.976426036259245, 3.8026439049139666
26.851477238754594, 3.9133575091401713
26.9496828101347, 3.9390072608584354
26.96192660638235, 3.9555355728038295
27.71773417360477, 4.0245326136436566
27.36471383786483, 4.006408859635273
27.243037706063305, 4.0051604208252884
27.780360098469345, 4.055602665414437
27.579508874891356, 4.040942874408413
27.6420945640831, 4.047141538091618
28.122364187386133, 4.085012800786926
27.633438193160845, 4.049648003802921
27.944214988832837, 4.081110105122911
28.33165000934701, 4.119201995916617
27.78213103782782, 4.090858994935218
28.465161306306605, 4.1452667563840935
28.08346350377071, 4.118296434763528
28.31817766874223, 4.140231857664884
27.990429912756298, 4.117494195423339
28.09377386634644, 4.12894800365142
28.349514812543713, 4.15846145849599
28.57282471081088, 4.179331165828499
28.442649279997646, 4.176721183330907
28.64349650217909, 4.193741105633532
29.033135369881837, 4.228076466701786
29.36162113748524, 4.26777173591853
28.950325987445034, 4.2515655193941955
29.176938659140145, 4.26900276872751
29.163540221937186, 4.273193328849742
28.65730295464954, 4.237970697114177
29.40220163145131, 4.293068547083194
29.16734787360666, 4.2856731497820295
29.254973207986524, 4.296781020373223
29.30055440821264, 4.311636873686224
29.785458683409143, 4.353461088485179
29.58561142741901, 4.3391852296829665
29.77037391039221, 4.3567809170561285
29.94729632247695, 4.387293717246485
29.391589776480245, 4.36105035327196
30.081153811023, 4.4180248664480155
30.745363710835342, 4.500202300105656
30.162493879873225, 4.461877575207251
31.035672912710197, 4.532624910416187
31.039091556140892, 4.535354917668537
30.68265618483613, 4.515102640236106
30.352816291436326, 4.492370993097123
30.674770276853387, 4.516556741507409
30.84603943749158, 4.5333037847213715
30.444715918653614, 4.505319005070334
30.845861343092533, 4.540864158743669
30.501878023056417, 4.520074513776404
31.192266581651122, 4.573247975146934
31.081963008693457, 4.56995779861306
31.468496977026287, 4.606543010475812
30.953003659284036, 4.570217348200749
30.943748383980108, 4.5744532922859555
31.125623615856682, 4.58889343565388
31.83562455493372, 4.6445646026277405
31.66540979754023, 4.650799911769036
31.394136838222465, 4.641854003449175
31.25146473831394, 4.634801336208054
31.548458403343556, 4.657685038557033
31.660239002558587, 4.671681089594026
31.48300621167927, 4.666129817528033
31.702696003553037, 4.687985372158494
31.910679512423027, 4.714748986159429
31.632337818921517, 4.7002539032617525
31.427301849730902, 4.685899656986085
32.32136526058569, 4.760287844423676
31.733408921145763, 4.717561627695359
32.224435315288936, 4.757922097905542
32.0862561491397, 4.750487999172785
32.89715612435726, 4.814239654023422
32.96975766907831, 4.828636472193952
32.86253508117386, 4.823476258217194
32.76052971302087, 4.819330656787939
32.66492759173117, 4.8137802458981245
32.88490593131099, 4.836636048227258
32.02425318752453, 4.7743452556032
32.57247234954345, 4.8160101708285215
32.93123959365684, 4.843710441084108
32.87907844517777, 4.840750947680858
32.37744777237137, 4.805358692951606
33.335915426165926, 4.877680005028091
32.78151701074034, 4.840517370039554
32.63186205005405, 4.831126705924477
33.32761885150599, 4.8834110875701615
32.783024830303866, 4.843849278728511
32.73433839918791, 4.842289203909511
32.851105296408164, 4.854749731423104
32.27652044760015, 4.813108715863012
32.60523457908716, 4.838132052563886
32.81485574009315, 4.853758969972561
32.82573699279212, 4.860048950880602
32.595665613581595, 4.844375803068159
32.74886321998896, 4.858314589742456
32.56206429991753, 4.84853819870654
33.572117589687636, 4.923777272836245
32.26346874116301, 4.8270047689501645
33.06585107299326, 4.886682270866178
32.65769989786208, 4.856741604789733
33.07217391972262, 4.889980708834282
32.451217945965844, 4.8471927929152265
32.89547600030153, 4.881278944303775
32.56772866453523, 4.857215213712573
32.99031053184454, 4.890725670561388
32.98251996102237, 4.890617997512543
33.058055957081606, 4.896395018783781
32.374971954909455, 4.845614187102971
33.54339385375148, 4.932948841834334
33.542005554599776, 4.934446903326563
32.47253276059054, 4.85623733525123
32.32468606024462, 4.848542274285103
33.56869961477052, 4.943891856311706
32.585659404290936, 4.871573050898112
32.68861401346083, 4.880726943022055
33.45400581224381, 4.941812089638795
33.78010150281882, 4.966998739674186
33.43387092568697, 4.941792244407572
33.015679494805916, 4.912751264636134
32.543454970934995, 4.877996256106589
32.68089897075756, 4.88985190870778
32.9985468848962, 4.913621452728673
33.313418546673105, 4.937251885195885
33.326334078654604, 4.938637259640954
33.44859524160125, 4.948700877869407
33.27889007358342, 4.936480176950903
33.22871763531762, 4.933028819391307
33.31996438585268, 4.939836232625929
32.60998025192175, 4.887744173424202
33.21281564012429, 4.932782011044321
33.51989436542469, 4.956618155103285
33.55127070270674, 4.959989502718811
33.00115527946879, 4.920390019763407
33.185352403016346, 4.934310856286161
33.185931051485376, 4.934458615517727
33.04663739337847, 4.924192868823762
32.990780377758355, 4.920778050657299
33.027450442581774, 4.925493215007772
33.64807493302976, 4.97213259972143
32.37686034872234, 4.878583978241823
33.60134246357008, 4.971067788069125
33.329427665204285, 4.951340837789579
33.42884127162021, 4.959119683981614
32.89007964964731, 4.92297305238641
33.03819429111594, 4.936016681117474
33.15067861792558, 4.947146613657806
33.08339856794779, 4.942614282968136
33.28281763641107, 4.95866169505861
33.49140967843072, 4.97806894872508
33.42984193358675, 4.97400963160776
33.195858479812934, 4.957491059334013
33.00945890787186, 4.944489105416665
33.429507712828176, 4.976236675406486
33.45310225367813, 4.978170043443805
33.47551193335745, 4.979849866851207
32.918056593728416, 4.938859764314831
33.34872796539446, 4.971121577318051
33.6922727398173, 4.998370941316061
33.19128241960032, 4.9631912084206915
33.045094159060326, 4.956318084671982
33.264087293701806, 4.973887636868943
33.0705696536475, 4.960721553744742
33.42775032665307, 4.988785556048009
33.70810711339656, 5.012914468669531
33.140322431888926, 4.9727237705470335
33.316234669234376, 4.986799630466907
33.336288320275685, 4.989919724880758
33.98832618319719, 5.0396284302894685
33.260634543334824, 4.996655739075948
33.08512405456226, 4.987527388516082
33.72651085648501, 5.041104820990007
33.82176722963502, 5.050493852583006
33.441642888933075, 5.0232822759398505
33.196508097953654, 5.009025025501989
33.56991734672673, 5.0553781603081545
34.58150868470342, 5.179925486223597
35.42862897802013, 5.338949646728041