1.025989055096319, 0.15
1.024398890124006, 0.15
1.0231094015603666, 0.15
1.0226620202595047, 0.15
1.021846725807659, 0.15
1.0215642067495219, 0.15
1.0208608315892445, 0.15
1.0205376459489996, 0.15
1.0205126968798812, 0.15
1.020047251075417, 0.15
1.0195715248091346, 0.15
1.019559449181431, 0.15
1.0195353732118837, 0.15
1.0195268086564173, 0.15
1.0195159564258576, 0.15
1.019379388642029, 0.15
1.019366753133626, 0.15
1.0192539245606438, 0.15
1.0190814232516892, 0.15
1.0190803926136658, 0.15
1.0190792746750694, 0.15
1.0185539037787106, 0.15
1.0185524509889599, 0.15
1.018257089762012, 0.15
1.0179853994733283, 0.15
1.0178923288475545, 0.15
1.0177417056305829, 0.15
1.017707639466882, 0.15
1.017379660742112, 0.15
1.017317887587499, 0.15
1.0172942398126958, 0.15
1.0172325935623163, 0.15
1.0171989678623692, 0.15
1.017098381236149, 0.15
1.0170735450352548, 0.15
1.0170707443543903, 0.15
1.0170345635204245, 0.15
1.0170005561427868, 0.15
1.0166334551947205, 0.15
1.0163596146878142, 0.15
1.016251724143346, 0.15
1.0161907632611367, 0.15
1.0160492558186767, 0.15
1.0158949498034253, 0.15
1.0157625113612905, 0.15
1.0155884518282812, 0.15
1.0153769933699843, 0.15
1.0152089499221277, 0.15
1.015030645501156, 0.15
1.01473841318861, 0.15
1.0143867567494698, 0.15
1.014382987603948, 0.15
1.0137502311301978, 0.15
1.0135315241241525, 0.15
1.013502177676661, 0.15
1.0128700117660114, 0.15
1.010829323998456, 0.15
1.0106869810392285, 0.15
1.0096567516183277, 0.15
1.0087738662923176, 0.15
1.0327213527220727, 0.15179123618605228
1.037312214100757, 0.15266809233037293
1.0529713205495985, 0.15526801597044493
1.076221408318148, 0.15871997096675017
1.0756676062877426, 0.1588586496956328
1.0706161313232487, 0.1585470789820702
1.0795856141877591, 0.15940435023278177
1.125735103426599, 0.1670448118662975
1.170600775547995, 0.1710865900318863
1.156720607895551, 0.17034829684460284
1.171658631620382, 0.17198691145880396
1.1744590523110818, 0.1728688607485589
1.1783893558367136, 0.17465815890576764
1.1966613833759907, 0.17613656769756947
1.2272302079916624, 0.18171545198524974
1.2769243162556454, 0.18773821225573517
1.274100304151493, 0.1883305552799035
1.2834340782584124, 0.18941258349667134
1.2876587988783066, 0.19003520638032612
1.2797739785371354, 0.18955736138209822
1.2950378025940188, 0.19098930195409913
1.3356314730603938, 0.19556570772594029
1.3849189614282562, 0.20358691286377173
1.3980974306841452, 0.2065303726209482
1.4048910441316396, 0.2074961836376792
1.417063536395313, 0.2090196645400315
1.4762427942300482, 0.2165523211154401
1.4866039074422515, 0.21774161745928655
1.4890170368822175, 0.21804958150740728
1.4847561178510338, 0.2194726235560056
1.5915230168891628, 0.23370305225456178
1.6081602117139173, 0.23550662689676027
1.5958350400766723, 0.2349089294898592
1.6084012213253485, 0.23614432214515357
1.659523992127871, 0.2434852356223276
1.689464266016482, 0.2479673938953857
1.7062194545409477, 0.2509320543793718
1.760011726201928, 0.25864317489203525
1.827009735000855, 0.2662090272851563
1.8912652663157787, 0.2764989736720773
1.9323574032215611, 0.2840070022953016
1.9596615137195523, 0.2867683149299376
1.9953551321477545, 0.2913896205574966
2.1440044577961404, 0.31427679698415467
2.1586611847968116, 0.3166303132120012
2.184781467210789, 0.3202534416735485
2.1928050197619857, 0.32184727524490686
2.3160036632100702, 0.3389621719046758
2.3612451347562353, 0.3467208981779839
2.4237631782285596, 0.35533795522846123
2.4577939880063773, 0.359781558138244
2.475095769695008, 0.3625483670365659
2.493361849660016, 0.36532638870238543
2.566187454677153, 0.3750428155070056
2.5927473831894803, 0.3796776304990761
2.6599292342075613, 0.38839696153626413
2.6487775706284946, 0.3892534864045931
2.70652870740424, 0.396466355051575
2.7052216569154024, 0.3964609673391388
2.758367320983062, 0.40339902209400247
2.799593772276071, 0.4090376158758229
2.8043632166787975, 0.410161402940437
2.85803367809475, 0.41894038932524236
2.883906487865355, 0.42314520342500206
2.906888771589929, 0.42834032309874637
2.9844222360124615, 0.4366462957987709
3.0242407437211756, 0.4420047838281276
2.984273864787419, 0.439118576165594
3.0370796746680533, 0.44482889734944564
3.0859821090056903, 0.45264038381818406
3.144705504230767, 0.46017535808547105
3.2282226426866965, 0.47144476582541106
3.2492973904253484, 0.4772054483046011
3.299292485070907, 0.48287136517462237
3.326248545438369, 0.48820317639052746
3.3782360281869, 0.49350576623550513
3.463769875422797, 0.5030364072429254
3.485434113869543, 0.509863126759778
3.6763634097833777, 0.5332937009194287
3.6564619059071366, 0.5366632581359481
3.7189384604062337, 0.5424583345711813
3.775554202209166, 0.5521446076368557
3.9104059218070937, 0.5726912539165712
4.010808070068796, 0.5883966679227219
4.190488511012279, 0.6121633626681193
4.238257575700169, 0.6161552032623723
4.2775527042955375, 0.6255625975256578
4.304727138262529, 0.6282621231387413
4.436963697469294, 0.6474631924701484
4.582324822679975, 0.6684922343856119
4.648235405633304, 0.678717528250206
4.676912210472808, 0.6834525253980805
4.8497193684999385, 0.7055584104031158
5.007781423344743, 0.7292168620184984
5.089921275948102, 0.7451852870228475
5.136118741605614, 0.7505492090345838
5.400570172432142, 0.7874992326075185
5.404762501688274, 0.7931273084668105
5.46153997028241, 0.7976092750077717
5.65488802819874, 0.8227237901196087
5.686618419772389, 0.8251411650985112
5.659509295701071, 0.8242527843868324
5.66072496753188, 0.825561124384631
5.6360637213271465, 0.8241838671327866
5.676690953866699, 0.8282769078316266
5.878636118245496, 0.8574845569027323
5.9915427131331125, 0.8760982542840727
6.117024275861761, 0.8910408815038222
6.168370652491891, 0.897835301776591
6.186730672106986, 0.9026894778700161
6.210433752485676, 0.9059935631415277
6.3170326132923105, 0.9209985569744843
6.360216182335528, 0.9261467021165819
6.469931854496286, 0.9397852081230473
6.495368041407345, 0.9416742756260703
6.4501858788099655, 0.9389897261676099
6.7426361833409345, 0.9782312676167182
6.7502328151266395, 0.9796420092121316
6.808040684607241, 0.9890121101220322
6.772921030139676, 0.9870266162120149
6.992926738574203, 1.0173969594283276
6.9424839677040975, 1.0145301470538097
7.316213309712083, 1.064106991308491
7.4856259027447445, 1.0917162916187788
7.925344014879687, 1.1501713816565928
7.903453030652636, 1.148838171911895
7.921883107198075, 1.1518674409861989
7.958260747251757, 1.1595926063216044
8.069714097850614, 1.1714309218313472
8.125695291616461, 1.185967909852839
8.283232101837761, 1.2028104183595367
8.345254472086665, 1.2137757351644733
8.378165206382155, 1.2178366876439055
8.357167633499019, 1.21640897323178
8.42770038027761, 1.2246897630776576
8.504067231896565, 1.2357898435436443
8.522428271869934, 1.2404772245712108
8.617233174517414, 1.2514477049419286
8.756057585864662, 1.2707134568675853
8.899510926768249, 1.291499577754827
8.994450929990562, 1.3097861258985866
9.111782078351412, 1.320040535962919
9.129781560800847, 1.3263302195168691
9.139434048539217, 1.3314833248579632
9.253959154433891, 1.3435464646436568
9.213893421518126, 1.3409213763272092
9.403077342621913, 1.3610439919645438
9.336209040254236, 1.3571236523452557
9.43538881637744, 1.3649497442809455
9.39714780299756, 1.3665624365550526
9.66911578606779, 1.3955773539550425
9.638036317036931, 1.4007905638430884
9.776658455131644, 1.4192238070933954
9.81761866003405, 1.4241215964242864
10.085893996986528, 1.466076094996101
10.167007822876458, 1.4746082401332599
10.07542824158986, 1.4698800934858207
10.254716022274696, 1.4866882798240688
10.148628812753227, 1.4814749690744815
10.349958110664772, 1.5044467025612356
10.466265441378859, 1.5155990853320027
10.406536314299856, 1.5122643449606725
10.496953781210676, 1.5231416829473554
10.522967017974453, 1.5262369933765312
10.877911569370381, 1.5745110839422738
10.947780061370546, 1.590416968409361
11.403736323345882, 1.6491819099395455
11.655410320687785, 1.6914772886173095
12.170710104213208, 1.751103097828386
12.037833086866842, 1.744443488023566
11.960906074783225, 1.7393924048831337
12.140067476023948, 1.7529828541906927
12.14208150531644, 1.7600706900388463
12.300372690723087, 1.772610260759338
12.946065446284809, 1.864678085421561
12.832373199684886, 1.8571427593454208
12.758027293372269, 1.853407109339023
12.983429579985518, 1.8701031797684387
12.85184629487192, 1.862104057265726
12.88738116311351, 1.866210434197355
13.064720870188934, 1.8820427440592313
13.004582963521583, 1.8818492635427102
13.140434846030496, 1.8921302112891425
12.991494693324126, 1.8823331164146788
13.385977557180357, 1.9109706188641429
13.039746691064657, 1.8871739463177688
13.032443545524172, 1.886923022713245
13.11091938514346, 1.894167442229076
13.092546927211302, 1.8951175510796796
13.16924554570864, 1.9023948807391227
13.217172651900606, 1.9063604164913333
13.17908919506976, 1.9081587922964953
13.377399684060823, 1.924397047497533
13.25269642435735, 1.9166551194037362
13.340797994185031, 1.9299155220418056
13.344080905140961, 1.9323708458847655
13.483041115887259, 1.947170857077265
13.463107301977049, 1.9476274201805026
13.54558610156131, 1.9607160743433605
13.76822490141065, 1.9804347899193608
13.76050775609397, 1.9831101607053974
13.784959226365308, 1.9890634479771467
13.781663253288247, 1.989751082834708
14.149618826194626, 2.019335938428579
13.993551421917159, 2.0084822838588545
14.087989106142237, 2.0206593772617776
14.083250911376936, 2.0213634288207816
14.16731179943302, 2.029612602378399
14.254110672898408, 2.0366300278073135
14.304251285932294, 2.0454792480419686
14.288764461113658, 2.0483722333327448
14.245915549063541, 2.0458001878915244
14.31764033713582, 2.0549726662421097
14.318429641874284, 2.0562139214544795
14.454393358064767, 2.0683348437619253
14.197640312526458, 2.0501168974298256
14.548642042248401, 2.0769661551093854
14.36703597090136, 2.0645204694728703
14.190363907226619, 2.052313498888587
14.175594152887902, 2.0521179275319072
14.3918931574651, 2.069033873629884
14.297098619039454, 2.0639184105682684
14.207661122226298, 2.0583181264905264
14.394835046120855, 2.0743844456274596
14.688970809772856, 2.0991281489039437
14.584568258060676, 2.0919137572725033
14.349374077639004, 2.075845927351012
14.29981334540046, 2.0743883475645335
14.35106403953525, 2.078748911767814
14.795344580441508, 2.1106967221137563
14.488776073705443, 2.0889518509925997
14.320147139373002, 2.0773225585313426
14.556101378073526, 2.0954412485483775
14.735396955519116, 2.10881761774381
14.681970593294617, 2.10546107215972
14.560665066358762, 2.0981889099738416
14.478728087601851, 2.093319340088285
14.752540212489812, 2.115063279749336
14.47897287444395, 2.0961298087257596
14.829935435276774, 2.123186112934266
14.545765095987052, 2.106647924522078
14.700266377700622, 2.1188619303842726
15.010388742712893, 2.145060179197036
15.172247585678472, 2.161274915682956
14.95529882070253, 2.146967250175795
15.030234964774275, 2.1544059241295477
15.067053993977376, 2.1605128230994586
15.008897050917364, 2.1585956859134736
15.24665174119585, 2.175656383852318
15.361429724364836, 2.1861739062520247
15.050376415326582, 2.166884222011232
15.060765022747107, 2.1684173691025466
15.21384237808524, 2.1827791401089502
14.91826930017391, 2.1621614372198588
15.32847568966538, 2.192189075964621
15.159233160888485, 2.1807594518286404
15.27303088264172, 2.1891298493238143
15.476040693164894, 2.2039149411516012
14.798605213737124, 2.1556256385734356
14.973601666370326, 2.1689204856401716
15.303476522273256, 2.1926853676805713
15.361382769367086, 2.197721037261724
15.339846213166322, 2.1973167048014135
15.672093037183592, 2.222262094799037
15.486699831979644, 2.213306420126881
15.561978485937704, 2.2187373346289885
15.368575322455996, 2.2061220088024136
15.528012507577275, 2.218618284030911
15.5119643219466, 2.2186751398508715
15.70335575949295, 2.2330094205345574
15.635840964790612, 2.2286085284379205
15.216876568990699, 2.1988206484714805
15.26828487809207, 2.2050509988012346
15.293426907138695, 2.2084764048777306
15.344767947616813, 2.212359088428757
15.21591270611231, 2.2031199403289436
15.37733673587135, 2.215762377177664
15.839049821433028, 2.24957208172448
15.546529192698207, 2.228993169908877
15.739612384516914, 2.2429401683566796
15.58053791935387, 2.234162925286358
15.672277265199993, 2.245530109173166
15.508642114796702, 2.2356342832543223
15.91646028567078, 2.2661418812041
15.568903500371144, 2.2423988271854833
15.573082138719032, 2.2443564819256467
15.963385738112203, 2.272561053335136
15.82935727991023, 2.2631366176273904
15.921421707631904, 2.2707342085544147
15.949253319683056, 2.2732342948319983
15.95115923488934, 2.274674772183096
15.881014289711304, 2.2700837581727473
15.974476355476883, 2.278008248948762
15.71240276524014, 2.2606754421441577
16.05625209711234, 2.2859706731539076
15.711090477587474, 2.26230125085487
16.060043185829326, 2.28937307023104
15.748559448590878, 2.2677684528899
15.665294322175452, 2.262007621494078
16.139751615392523, 2.298215503438903
16.085318739254696, 2.2946075986195202
16.18952503145275, 2.3021897437074657
15.82010535009131, 2.276072736540393
16.23775525213291, 2.306856786756679
15.997610523720194, 2.290904258546389
16.264440867263627, 2.309950628116968
16.295604619951146, 2.3126907859450974
16.230760882872936, 2.309168668926125
15.973124110591757, 2.2924390644951416
16.048735326846646, 2.2979402434335006
15.973662363604443, 2.292836972409753
15.885044440171214, 2.2869669552590333
15.875798514711994, 2.286426234513148
15.957043026658148, 2.2927186509064557
16.216058442629446, 2.3127464438304157
16.12205163060695, 2.312149235748393
16.042423064971974, 2.3065537034437433
16.067488178059804, 2.308476900907248
16.029473443096684, 2.306676588354999
16.090359162023915, 2.312077259691427
15.87048588132356, 2.2970639297823165
16.14253218449713, 2.3167380017259127
16.21519378595885, 2.3239482695235303
16.06396719581362, 2.315896331777183
16.396184505210826, 2.3408232034982035
16.417433425092995, 2.3424109668622695
16.525730464447776, 2.3506860711109123
16.16000841051194, 2.3248962327887286
16.214259572230592, 2.3288247557271946
16.29985178362171, 2.3362191060399073
16.3834024093189, 2.342499474663766
16.525915881252384, 2.3544429264213473
16.385165093505513, 2.345634105496308
16.460349113243296, 2.3514993396387407
16.44662303096976, 2.3513908282184737
16.68864452297576, 2.370171308578759
16.110325916692485, 2.329240155338903
16.733525607075297, 2.3739911732903396
16.026595543582964, 2.324566738254741
16.591557151531877, 2.3652797603874376
16.737951536765117, 2.3767848005712144
16.562688090589397, 2.3646376464207615
16.21750158220463, 2.34017808961843
16.508184165509306, 2.362193001649522
16.38579874920607, 2.353881929166306
16.273174339367255, 2.347535302515274
16.483999039777306, 2.362818890030889
16.7657537635287, 2.3836584773760583
16.540477389361058, 2.3686807533747833
16.40489344151786, 2.359079746742827
16.570704958638387, 2.3723897742797417
16.369319813866447, 2.3587069525654947
16.503602728233425, 2.3703651634543865
16.728719357689904, 2.386623684388063
16.657415007828888, 2.3821405824702486
16.77407378439892, 2.390513537544221
16.56126494274865, 2.3757294322801936
16.98570101303449, 2.406056584469278
16.65473752568826, 2.3827726782693004
16.84445308524713, 2.3969250163051647
16.663647712383558, 2.3841246451216884
16.82083776597414, 2.395504089666911
16.7846872202833, 2.3932435862804846
16.429092882109593, 2.3680923268540566
16.57441110719095, 2.37862418844788
16.89278815209729, 2.404597298421405
16.662319694202658, 2.388210975849163
16.55573971554462, 2.3819045732150146
16.635358495558606, 2.38797280281847
16.638758432601158, 2.3897289949283618
16.876240195573722, 2.406920032980908
17.046776861651143, 2.4191604732979055
16.936750780791574, 2.412756709300563
16.76461042974143, 2.401077242200258
17.06599408720766, 2.423031679335632
16.56282019098984, 2.3874454870890283
16.597961347622572, 2.39007612981442
17.021178874256556, 2.420979866268773
16.52362392172498, 2.3863279390454295
16.59891758708526, 2.391777166253191
16.82936539608534, 2.4084662411396973
16.84636832313925, 2.4097758566164096
16.967452238342084, 2.4184927401961103
16.60526248573657, 2.392758141952873
16.77527588733071, 2.4050002370972567
16.529173089973742, 2.3884878561380622
16.87637076990138, 2.4137960707175887
16.639879944005393, 2.3970307905585635
16.916155213092214, 2.417750169449717
16.61928127730236, 2.3966604981295125
16.754981802517392, 2.406953821644553
16.947559292586647, 2.4211370987487335
16.902195074731296, 2.4198186373042985
16.98852330838681, 2.4294949272905493
16.977196657708713, 2.429254605418185
17.06868956172871, 2.4358976773572394
16.724751535040674, 2.4112870055223405
17.08841247690696, 2.4374095311174493
16.977880087766067, 2.4297475219930025
16.787789410452362, 2.4164018049158287
17.217779405771267, 2.4472984184250457
17.022788144631786, 2.4342404587669053
17.09446281905086, 2.4396196831874084
17.264476381258678, 2.451767912720082
16.79267090728906, 2.420156107669893
17.29017994485413, 2.456215278855405
17.170174428541788, 2.447765926861334
16.87682944676723, 2.4270696403395764
17.374693350333228, 2.4639706607723566
16.915113889605184, 2.433034540783881
16.770872722273268, 2.4236165573778985
17.259566781254815, 2.4592668403302564
17.014835979023513, 2.442769290185036
17.175833955480904, 2.454549741981813
17.397551091685727, 2.47045545740173
17.450058723763032, 2.47476509581948
17.27123610771107, 2.462472257877322
17.08357479339086, 2.4492103079064753
17.141670042105115, 2.4544105837410113
17.11185033013817, 2.4525304345847587
16.989087955152666, 2.443887030715697
17.389067111688078, 2.472604508870293
17.269857702509466, 2.4651029276764413
17.11764850469157, 2.455217316281635
16.904597541523845, 2.4399117132806785
16.884892073770285, 2.4390356384640155
17.171798673913152, 2.46055785573442
17.010681082249175, 2.449811805994697
17.26232953494254, 2.4678662540936314
16.930094057296174, 2.4464353440203617
17.334441615073743, 2.4757954104104796
17.509385300096355, 2.489540918040891
16.883253965358957, 2.445397300565002
17.44640682381406, 2.4865455899064104
17.17799420175024, 2.46753603878477
17.32811895266698, 2.478568323622188
17.338402475260516, 2.4801557825305798
17.597069785429014, 2.5035246730158356
17.61856133035847, 2.505334461478359
17.643895573761903, 2.507917648310265
17.485986971293766, 2.4970530850740547
17.788068454572862, 2.51909823605466
17.3644939625915, 2.4901689705403296
17.539427224134513, 2.5029592802494127
17.268948331069172, 2.4837786897176306
17.48020877626143, 2.4993486409092114
17.423573990083543, 2.4954491381568333
17.43343187650241, 2.4962225081595646
17.54553647944703, 2.504581637967884
17.888398161585535, 2.5293013803807662
17.26943757119071, 2.4856583359377264
17.39950567437292, 2.4950204043774686
17.654473204889275, 2.5136450516453923
17.27565304185566, 2.4890274201414853
17.694066934515973, 2.5206505514418476
17.47980867338788, 2.5063271673549865
17.781814977045194, 2.5286188025970757
17.673664230057437, 2.5212525208483827
17.754160686727456, 2.5272960887238227
17.509568025516316, 2.5102842060540205
17.627012102452753, 2.5196957085783867
17.577996425592012, 2.517960933852943
17.76128667702356, 2.5313693424384542
17.94286384938669, 2.544624650788001
17.807525240325194, 2.5351217094074308
17.927007552231316, 2.54435310870202
17.706584696717165, 2.5287552302434158
17.84058881556409, 2.5384896776729864
17.70832985137109, 2.53078320455832
17.622286421293083, 2.5247595667455425
17.533043432872773, 2.5184831141256874
17.69973640197472, 2.5305423401064964
17.74596832782017, 2.533944758427209
17.48447331167574, 2.51531288827207
17.84056069742098, 2.540825644465796
17.480135382347093, 2.5150334432251302
17.586011762933822, 2.5234243974822146
17.85643728933414, 2.545239905847443
17.769596754237327, 2.539699804492974
17.76697695858147, 2.539781210550953
17.45514041567739, 2.5174946357335877
18.01058856052838, 2.5585853536701197
18.04211351780666, 2.5614893869690203
17.833528713247333, 2.5475303264163784
17.80119672297308, 2.546523225801181
17.95611892232161, 2.5586777472888578
18.054295764744097, 2.565912064726321
17.547767898043208, 2.5308432353701082
17.926837758654617, 2.55891891343643
17.640455614016542, 2.5384296983635384
17.957196494101005, 2.561669551032857
18.067332386334126, 2.5697835161622917
18.009537001587965, 2.565753012516283
18.072156469011613, 2.571349935634588
17.668744246401623, 2.5425311119639193
18.167366966669206, 2.5786304075780464
17.87950650178245, 2.5592683817636397
17.78563246577379, 2.553611562205762
17.771435710701557, 2.5527940626646295
17.821527733524363, 2.5566846640742558
18.104235604316965, 2.5771280464773394
18.336058168784167, 2.5946181124814016
17.67025251090503, 2.5492210743321193
17.88103853892742, 2.56522663993926
17.90034264925681, 2.5669472096387436
17.591238987400423, 2.545173541617112
17.803373353756477, 2.562044947866071
18.092113755502353, 2.583143147460672
17.712224810603317, 2.556497189968823
18.077264124586087, 2.5832629562919074
17.755090630756687, 2.561794733669151
17.884299496787257, 2.5721413794497128
18.124813541615516, 2.591495383871587
18.281966697869493, 2.6031556992190064
18.067719704428292, 2.5896528119173174
18.164395865810942, 2.5985334821692296
18.237239409595368, 2.6040453377534245
18.063461988052616, 2.591632497823513
18.005501940713266, 2.5878354030898
18.127907744610457, 2.596675347522628
18.09821496075963, 2.59469458050666
18.289354288741485, 2.6105888650360187
18.089353784410417, 2.596836890859888
18.149983224969457, 2.601572305048223
18.449469926584545, 2.6230004014698327
18.503892403433195, 2.6275480325882494
18.307672033215926, 2.6139568377489697
18.292285725642436, 2.613448150948119
17.89351379081257, 2.585418977079188
18.117772415152466, 2.6023044690878905
18.322258289517283, 2.6170101878954055
18.364223124306005, 2.62285109926931
18.252430636147558, 2.615878757273869
18.168514576513285, 2.610703766634492
17.865431228676822, 2.5891448083836943
18.530131639894407, 2.637680802310376
18.28007224127496, 2.6226804375163137
18.223136565320672, 2.6188773004499755
18.320838774948875, 2.6269114905254565
18.174888249541866, 2.6169671886226338
18.304725644086353, 2.6290471832949436
18.282346587367915, 2.6282468835585764
18.428640844152945, 2.6395993223988334
18.26375316119354, 2.627808579440658
18.61966749116363, 2.653370845674128
18.531731744712946, 2.6486667016687715
18.73305539598164, 2.6640178604944387
18.40634946140666, 2.642914430887096
18.608042261052532, 2.6588474582739785
18.68463220249604, 2.666118958522543
18.383560741072134, 2.6449754412285946
18.61119615065812, 2.661516180044523
18.501458934815115, 2.6537073088900787
18.698641221878642, 2.6693817054699265
18.56974061224731, 2.660869033235649
18.405954256053533, 2.6494670620209337
18.868515277140812, 2.6828004859512733
18.87514347507373, 2.6837383970542117
18.44739122320515, 2.653292534869662
18.365464255089876, 2.6478553504206896
18.414490980176385, 2.6518337293717726
18.60763846314667, 2.6663127661880726
18.897410768356895, 2.6880774840033173
18.74618368349536, 2.6777117605937306
18.731378890869347, 2.6770607749449837
18.854042185343186, 2.68605399635121
18.654301791920325, 2.6725906615258372
18.749595509151746, 2.679491557223579
18.74014786221034, 2.6805305788210765
18.94674441359489, 2.6963198311699177
18.916594758960134, 2.6943183032587648
19.01029591443837, 2.7041625166166394
18.72710188635646, 2.68458356918166
19.052659848694788, 2.709131405121963
18.624660414784397, 2.678549070382104
18.52130848440233, 2.672392095630709
19.233676065122562, 2.724547944264648
19.12298282356184, 2.7185895300190532
19.156936538380055, 2.721427602527724
18.942769289612304, 2.706554114729629
18.797501562790227, 2.6970306194381832
18.599268825514088, 2.6828935473069127
18.950621491238202, 2.71065680202049
18.676312149560896, 2.6917594963448455
18.790889551422573, 2.7036371589817776
18.852850915507982, 2.7082901145656946
19.200027405712554, 2.733981691881433
18.938222725286508, 2.7154526064009987
19.1223123561017, 2.7307473239148328
19.114524742828813, 2.730513040171381
19.425576943875345, 2.7543643406566254
18.744755733193323, 2.705771686136
19.09072001809793, 2.732255935604204
19.356110923374253, 2.751495442789871
19.348717335756927, 2.7512696800196546
18.97489674038898, 2.725808273025576
19.1146050314013, 2.736059242932858
19.283117340479773, 2.7493087265072047
19.03872235039767, 2.733745407440513
18.850511770261313, 2.720617803218399
19.236216753861967, 2.7491683540333556
18.68795616769672, 2.7099022182163512
19.55944201505802, 2.775225212417885
19.035475633965568, 2.7392965522745856
19.36459475069403, 2.7628975257685706
19.10327426277071, 2.7458480279322695
19.17847983389717, 2.7524301263879147
19.683363458034826, 2.7896787656117406
19.268998898374125, 2.7617402029822236
19.37080429633878, 2.7718238449615695
19.479305960710835, 2.7802686981839697
19.014326549444863, 2.7496615402966613
19.55864999398183, 2.7894687107780047
19.254612566528447, 2.7682071400328434
19.28280945313571, 2.77061612567445
19.34011442827872, 2.7747512259089513
19.595717574721814, 2.795634009756931
19.16556978608639, 2.7649443159994664
19.420457597179507, 2.7842587764239086
19.335475314027555, 2.778326732563454
19.088249404490654, 2.761965939917963
19.554251313287978, 2.7987367670933816
19.672112862366266, 2.8087175403964038
19.438219553189317, 2.7938106492038983
19.407800623937003, 2.791838166361602
19.257158419984687, 2.784840192864788
19.88853929539133, 2.8301353298734533
19.380297284867677, 2.7939822430291557
19.63837786637935, 2.8166279338634848
19.66531527512305, 2.8197824658303094
19.769817135370296, 2.827942250616964
19.22672711521318, 2.790067101157476
19.478727278050854, 2.8105493086716438
19.565999172141186, 2.8176417122080695
19.443748808252032, 2.809391264048566
20.05848271950883, 2.8535673780277104
19.691790837354546, 2.8299081607208576
20.031084738212872, 2.8586774525263348
19.740495555363776, 2.8454409570675416
19.979259782621437, 2.863409254820013
19.8894572285536, 2.8585555494114256
20.240338352643985, 2.886549543741239
19.55716714195726, 2.8379691571469374
20.248277317145117, 2.888599368389775
19.786315066302432, 2.8580600877063107
20.037532145150653, 2.876563603656841
20.019608854551898, 2.876651775733321
19.96673300755868, 2.873354491254343
20.341914857753505, 2.900526199601998
20.197861659213416, 2.8922227456374827
19.92434597992697, 2.8752173074188976
20.46069456749277, 2.9170409711903806
20.13309823138722, 2.8954000037444105
19.809156299838843, 2.8724824366991237
20.743482486502806, 2.9396513703353744
19.88816309424846, 2.8806324990122567
20.8466702177751, 2.954229362964953
20.06827325201842, 2.899662681820079
19.92555181807742, 2.889825806137538
20.171281230563224, 2.907984135996739
20.22872558932595, 2.9126999954863475
20.251011606316215, 2.916676952134316
20.26354224225494, 2.919746954620557
20.545262448652803, 2.9412648547349747
20.27024867224943, 2.9276283649127155
20.370306588498945, 2.937094589419333
20.263895052825834, 2.932925367422401
20.71754876913622, 2.967432859976526
20.558585294144365, 2.957117447729911
20.452087880425772, 2.9509300247049337
20.622430048148985, 2.9742415003426714
20.905465384584875, 2.9977519347971393
21.340996417973017, 3.037379549948387
20.903760716605344, 3.027306742339082
21.131583778593132, 3.0452645463732875
21.2672908182632, 3.056758576274878
21.295611510126612, 3.0604405628807836
21.295519350969222, 3.0675543673263634
21.139337824598442, 3.0565120161168764
20.949170599406408, 3.0482090892537883
21.16465861245684, 3.0654711707016524
21.15813106337988, 3.069365436691373
21.89570340270255, 3.1349620995485683
21.43904667741356, 3.1043482624156633
21.43128650479199, 3.1050223510915798
21.879852159135044, 3.1460902069606744
21.99417065669705, 3.177431171936309
21.781526581716108, 3.166847958758649
21.98665838657713, 3.1914836606469006
22.167988490576118, 3.206213724820077
22.188178512707243, 3.2128274621748476
22.195556543974163, 3.2134251080238236
22.470418815752183, 3.240323860815306
22.358665058160824, 3.237434618870127
22.567453744975964, 3.2570217542859643
22.518258566143214, 3.256356884288822
22.601877235566477, 3.2642933154786586
22.49038034797369, 3.258955156916989
22.31262586626844, 3.248981530046355
22.42055910807506, 3.2597806720790707
22.581851591759662, 3.2783895653635238
22.562212831750355, 3.27994118124699
22.674555305111106, 3.2943501037666074
22.73711990495231, 3.301853922686668
22.912712252534664, 3.3153280173792465
23.105937166000555, 3.3352849870899837
23.052045201340466, 3.336912424257547
22.89094054759233, 3.3271898503093995
23.085246134152353, 3.3441253799381494
23.07348720332523, 3.3434034960239467
23.15181940152567, 3.352825479420247
22.999524197155008, 3.342894507539655
23.25516536383412, 3.3676962053587474
23.341989647973126, 3.387225047837405
23.499527891830443, 3.4095192075885956
23.478787167198668, 3.411605458568327
23.651822979985695, 3.434775650246637
23.72610351805635, 3.441433896353227
23.690115829195438, 3.4412464210713685
23.78520419976464, 3.449093584586846
23.8223181991777, 3.4585084413869804
24.196096077877165, 3.505568425399992
24.400969741358324, 3.521647834674024
24.534438977013117, 3.558767900742012
24.98775783711326, 3.612949740834434
24.89401937885143, 3.6215617817055596
24.966829511211724, 3.62719521251958
25.160214273054912, 3.6537425344515446
25.32128646273058, 3.6670275853683165
25.39658691872896, 3.686901031996787
25.727887086967986, 3.728569379142212
26.14348017400083, 3.797104287669768
26.35327449210529, 3.8181068491666643
26.13815040280697, 3.8042619126317145
26.142304711129814, 3.805494124434447
26.25240559992753, 3.8242946820551467
26.3952308653485, 3.836424980033268
26.341746549216314, 3.832719047262831
26.720809987871103, 3.8820586342826253
26.998942881667602, 3.918459943787422
26.851507807167152, 3.9114322061642754
26.936301693528048, 3.9299843895158144
27.131336037633414, 3.9458296928076093
27.595078446513142, 4.015060955994489
27.735488019194122, 4.027727130906489
27.77088944133203, 4.035242459124968
27.90697228528561, 4.056072744237246
27.78967437806544, 4.0513834320176985
27.82262989041059, 4.05613637700432
27.916329701684653, 4.064916952192008
28.283637680493133, 4.11638145639108
28.667230645468006, 4.161762307509018
28.543476136529147, 4.156228536948611
28.701767648857924, 4.176099091441207
28.717493735667418, 4.180252307702618
28.77843026691714, 4.199966939295671
29.14260511181425, 4.250481392810783
29.03832681196226, 4.246412051419701
29.541679038286553, 4.293193589470554
29.271234274167284, 4.278511039972554
29.276957641339543, 4.283995270997713
29.423383957566976, 4.308003280749044
29.518526117480132, 4.321260653996541
29.802561547293678, 4.34616819138166
29.943603438863928, 4.359369408128854
29.926353668072434, 4.366804504942265
29.944402669398812, 4.373571027605647
30.175221766446633, 4.395055205433016
29.90413301309229, 4.379971203726944
30.441598231208314, 4.421307340502094
30.204244745845358, 4.412806622742839
30.44071549012211, 4.431068561665643
30.28586692526922, 4.419942003895516
30.48222116594369, 4.437814554228454
30.410286976558258, 4.432740522507103
30.294103192752416, 4.43273702599382
30.472128945196093, 4.447683124026731
30.863316506229992, 4.497286977801262
30.65715324342613, 4.48377611633268
30.835268036051808, 4.497391331513724
30.936589371197154, 4.505241430083775
30.78545515446997, 4.49692256329895
30.667968096694302, 4.489535345577373
31.263579324701368, 4.535354999469787
30.648408356837557, 4.491465748930172
30.99413188199196, 4.521113079601113
30.86692178333112, 4.5144280012015
30.839763655711053, 4.516817439511473
31.01632172238082, 4.533444633140437
31.112809474449115, 4.541864142940024
31.123605762574556, 4.546973182926474
31.094714181025832, 4.546436931010935
31.19136974144189, 4.561180204514185
30.997644572102786, 4.552052611077288
31.221448167519362, 4.568495104778531
31.49483350045536, 4.600609006383662
31.438572187630232, 4.596575446183759
31.58792316468879, 4.609990576203448
31.25796901071445, 4.588233200731981
31.32285662430261, 4.596932512740552
31.70513865928862, 4.6249178554830035
31.378557522479905, 4.601436619415941
31.504091676127295, 4.613979895147706
31.80702423492065, 4.63976726695966
31.578834845466023, 4.62406914954663
31.553689241667694, 4.6241517438887865
31.72170536723667, 4.640807820842007
31.673098529918967, 4.641566116623325
31.86528426676055, 4.657511892403343
31.474500257122344, 4.62947261494188
31.63416616848128, 4.645707995183776
32.00352889421661, 4.676487761967391
31.700343737270856, 4.658419677789853
31.757665097096474, 4.6630478509036895
32.24084236699369, 4.7016821241756634
32.00447975464475, 4.68512110208876
32.03444868871462, 4.694631305365193
31.898642578607575, 4.687329558359285
32.11153025855752, 4.705428605298671
32.22866235188795, 4.717348933715828
31.984301355623515, 4.703239378309491
32.077087573871445, 4.712779646538878
32.28198791858501, 4.729486301365912
32.2547565048489, 4.731539387640457
32.333696930168465, 4.741566481412549
32.62066478404123, 4.767298521060181
32.39072856966021, 4.750712682989013
32.6118748957138, 4.767270804141496
32.88925451505273, 4.789614399225834
32.585313085031544, 4.76773523612253
32.41309926207553, 4.756257666140599
32.451782557458145, 4.760991654350641
32.31664169886132, 4.751239386049579
32.034842114367564, 4.731797416500722
32.71476129551153, 4.783134699721773
32.97432524293838, 4.809056993807934
32.71324481056582, 4.7934915697819775
32.17731295835307, 4.755221662342854
32.48556842342975, 4.780497927121658
32.67597143104947, 4.7963962145262125
32.931836658464434, 4.817150724428505
32.6896336084002, 4.802696577031577
32.74543572568034, 4.812325560421253
33.23032636954077, 4.848189650963921
33.269621896299775, 4.851562295516711
32.801422776459134, 4.822443749348244
32.62922022425542, 4.810108000134449
32.749620510267185, 4.8217891192332525
32.35971453591405, 4.7937686451062
33.001084516042745, 4.843995922059065
33.003536919043164, 4.844296771838025
33.20073171888863, 4.860393491509367
32.939531918694016, 4.841686765690165
32.626625188074186, 4.819229835854368
33.11602092316619, 4.855296101414532
33.05653466815126, 4.851678836905637
33.30423207146846, 4.87093824537619
33.435407706367904, 4.885570031228236
33.064883284268014, 4.858721113004855
33.07004117706326, 4.861605097690413
33.35128762774052, 4.8828492755714965
33.067596319768455, 4.862310378345482
32.94434693662874, 4.853470700903257
32.80165106456782, 4.8434995168818835
32.85991212386298, 4.848313875997749
32.87043538186784, 4.849652980096739
33.06430440562519, 4.8642993784729445
32.51384514730056, 4.824080979380671
33.18390740456447, 4.87646601631287
32.63277102964811, 4.836200988656085
32.877808132230314, 4.855033244877533
33.00914181867442, 4.865979411317991
32.80504246471167, 4.851546602639331
33.18603723793794, 4.879872310505446
33.242628427959346, 4.885407350744273
33.36828008552593, 4.89477808355778
33.320302717287184, 4.891535694553705
32.81471927353574, 4.854776859607621
33.483122507927334, 4.904865598493091
33.05112485116984, 4.8739296654515325
33.06508812818898, 4.876905651315757
32.92787830862041, 4.867108049842545
32.85664490926214, 4.862805797660427
33.324838238725576, 4.898527609709992
33.20832470182626, 4.890052759283085
33.11500714313429, 4.884088250554905
33.53428457463165, 4.91668508016007
33.398177824185765, 4.907030276960593
32.96437858674465, 4.8757736516423185
33.34016259489972, 4.9042876205341575
33.13987098225835, 4.889781953394145
33.61898379564754, 4.926286326304618
33.26293945456988, 4.900202430751454
33.52523138731421, 4.919555582167249
32.94667768613066, 4.87795343451183
33.047477921322766, 4.885409792290265
33.48600032558727, 4.918350971386911
33.27045238932582, 4.902674402312257
32.73490660070034, 4.864571841012288
33.35784160302305, 4.911146652668769
33.242903931496905, 4.902965309764282
33.396611728910344, 4.9144238946637415
33.34515002186697, 4.911804605301262
33.14894490411963, 4.897493644765431
33.35038024013794, 4.913299428908899
33.271744278455415, 4.908288561025611
32.718171106233726, 4.86733837322719
33.035858407468304, 4.891446881689558
33.38822026458952, 4.91840810449861
33.43499328219973, 4.922763061443158
33.30426174656893, 4.913827157544583
33.58553736120491, 4.936274048419486
33.5112910671118, 4.93180874306091
33.156942529801185, 4.906041772838374
33.421923012405635, 4.928473225852092
33.4724479047343, 4.933001897006039
33.25262691250119, 4.919872669075984
33.393942367584984, 4.930976782266427
33.02673360905629, 4.904832420207283
33.05644806999599, 4.90777105411525
33.60047648966278, 4.9484234816992485
33.34167261691651, 4.933771346475197
33.43846053518992, 4.941962615345694
33.41097979266428, 4.940944503187851
33.514280997239545, 4.949749525427382
33.18368826583753, 4.926828951245345
33.364056177377556, 4.940642582386007
33.319730975316325, 4.938522910625569
33.317463247957214, 4.941547295010619
33.40632845561259, 4.9493096289031975
33.46949964191001, 4.9557511266438565
33.585447056617305, 4.966560404879201
33.4084615268918, 4.953890097405484
33.537862522634704, 4.963691609622615
33.3313207869919, 4.955124018145158
33.990406661461776, 5.006105253935133
33.827881085496806, 4.99659454498843
33.81649005963708, 4.997198668612397
34.02586739669905, 5.029475253362669
34.53854944369252, 5.102462061973949